/*--------------------------------*- C++ -*----------------------------------*\
| =========                 |                                                 |
| \\      /  F ield         | OpenFOAM: The Open Source CFD Toolbox           |
|  \\    /   O peration     | Version:  2112                                  |
|   \\  /    A nd           | Website:  www.openfoam.com                      |
|    \\/     M anipulation  |                                                 |
\*---------------------------------------------------------------------------*/
FoamFile
{
    version     2.0;
    format      ascii;
    arch        "LSB;label=32;scalar=64";
    note        "nPoints:8556  nCells:8100  nFaces:28577  nInternalFaces:11923";
    class       labelList;
    location    "constant/polyMesh";
    object      neighbour;
}
// * * * * * * * * * * * * * * * * * * * * * * * * * * * * * * * * * * * * * //


11923
(
1
2
3
4
5
6
7
8
9
8
10
11
12
13
11
14
15
16
17
17
18
18
19
20
21
20
22
23
24
25
26
27
28
29
28
30
30
31
31
32
33
34
34
35
36
33
37
38
39
40
41
42
43
44
45
44
46
45
47
47
48
48
49
42
50
51
51
52
53
54
55
56
57
58
59
56
60
61
62
63
64
64
65
63
66
67
65
68
68
69
69
70
61
71
72
72
73
74
75
76
77
78
71
77
79
80
81
82
83
84
85
86
86
87
87
88
89
85
90
88
91
91
92
92
93
83
94
95
95
96
97
98
99
100
94
101
102
103
104
105
106
107
108
109
110
111
110
112
112
113
113
114
102
115
116
111
117
114
118
118
119
119
120
108
121
122
122
123
124
125
126
127
128
129
130
117
131
132
133
134
135
129
136
137
138
139
140
140
141
139
142
142
143
143
144
145
131
146
147
141
148
144
149
149
150
150
151
137
152
153
153
154
155
156
157
158
159
160
152
161
161
162
148
163
164
165
166
167
168
169
170
171
172
172
173
173
174
171
175
175
176
176
177
178
163
179
180
174
181
177
182
182
183
183
184
169
185
186
186
187
188
189
190
191
192
193
194
185
195
195
196
197
198
197
199
200
201
202
203
204
205
206
207
207
208
208
209
209
210
206
211
211
212
212
213
214
198
215
216
217
210
218
213
219
219
220
220
221
204
222
223
223
224
225
226
227
228
229
230
231
232
222
233
233
234
218
235
235
236
237
238
239
240
241
242
243
244
245
245
246
246
247
247
248
248
249
244
250
250
251
251
252
253
236
254
255
256
249
257
252
258
258
259
259
260
242
261
262
262
263
264
265
266
267
268
269
270
271
272
261
273
273
274
257
275
276
277
278
279
280
281
282
283
284
285
286
286
287
287
288
288
289
289
290
290
291
285
292
292
293
293
294
295
276
296
277
297
298
299
291
300
294
301
301
302
302
303
304
305
304
306
306
307
308
309
310
311
312
313
314
315
316
317
305
318
318
319
300
320
299
321
322
323
324
325
326
327
328
329
330
331
332
332
333
333
334
334
335
335
336
336
337
337
338
331
339
339
340
340
341
342
321
343
322
344
345
346
338
347
341
348
348
349
349
350
329
351
351
352
353
353
354
355
356
357
358
359
360
361
362
363
364
365
352
366
366
367
347
368
346
369
370
371
372
373
374
375
376
377
378
379
380
380
381
381
382
382
383
383
384
384
385
385
386
386
387
379
388
388
389
389
390
391
369
392
370
393
394
395
387
396
390
397
397
398
398
399
377
400
400
401
402
402
403
404
405
406
407
408
409
410
411
412
413
414
415
401
416
416
417
396
418
395
419
420
421
422
423
424
425
426
427
428
429
430
430
431
431
432
432
433
433
434
434
435
435
436
436
437
437
438
429
439
439
440
440
441
442
419
443
420
444
445
446
438
447
441
448
448
449
449
450
427
451
451
452
453
453
454
455
456
457
458
459
460
461
462
463
464
465
466
467
468
469
469
470
447
471
446
472
473
474
475
476
477
478
468
479
480
481
482
483
483
484
484
485
485
486
486
487
487
488
488
489
489
490
490
491
491
492
482
493
493
494
494
495
496
497
472
498
473
499
500
501
492
502
495
503
503
504
504
505
480
506
507
508
509
509
510
511
512
513
514
515
516
517
518
519
520
521
522
523
524
507
525
525
526
526
527
502
528
501
529
530
531
532
533
534
508
535
536
537
535
538
539
540
540
541
541
542
542
543
543
544
544
545
545
546
546
547
547
548
548
549
549
550
539
551
551
552
552
553
554
555
529
556
530
557
558
559
550
560
553
561
561
562
562
563
564
565
566
566
567
564
568
569
570
571
572
573
574
575
576
577
578
579
580
581
582
583
565
584
584
585
585
586
560
587
559
588
589
590
591
592
593
567
594
595
596
597
598
599
600
600
601
601
602
602
603
603
604
604
605
605
606
606
607
607
608
608
609
609
610
610
611
599
612
612
613
613
614
615
616
588
617
589
618
619
620
611
621
614
622
622
623
623
624
625
626
625
627
598
627
628
629
630
631
632
633
634
635
636
637
638
639
640
641
642
643
644
645
626
646
646
647
647
648
621
649
620
650
651
652
653
654
655
656
657
658
659
659
660
661
662
662
663
663
664
664
665
665
666
666
667
667
668
668
669
669
670
670
671
671
672
672
673
673
674
661
675
675
676
676
677
678
679
650
680
651
681
682
683
674
684
677
685
685
686
686
687
688
689
688
690
660
689
691
692
693
694
695
696
697
698
699
700
701
702
703
704
705
706
707
708
709
690
710
710
711
711
712
684
713
683
714
715
716
717
718
719
720
721
722
723
724
724
725
726
727
727
728
728
729
729
730
730
731
731
732
732
733
733
734
734
735
735
736
736
737
737
738
738
739
739
740
726
741
741
742
742
743
744
745
714
746
715
747
748
749
740
750
743
751
751
752
752
753
754
755
725
754
755
756
757
758
759
760
761
762
763
764
765
766
767
768
769
770
771
772
773
774
756
775
775
776
776
777
750
778
749
779
780
781
782
783
784
785
786
786
787
787
788
788
789
789
790
790
791
791
792
792
793
793
794
794
795
795
796
796
797
797
798
798
799
799
800
785
801
801
802
802
803
779
780
804
805
806
800
807
803
808
808
809
809
810
811
812
813
814
815
816
817
818
819
820
821
822
823
824
825
826
827
828
829
807
830
806
831
832
833
834
835
836
837
837
838
838
839
839
840
840
841
841
842
842
843
843
844
844
845
845
846
846
847
847
848
848
849
849
850
850
851
851
852
836
853
853
854
854
855
831
856
852
857
855
858
858
859
859
860
861
862
863
864
865
866
867
868
869
870
871
872
873
874
875
876
877
878
879
880
857
881
882
883
884
885
886
886
887
887
888
888
889
889
890
890
891
891
892
892
893
893
894
894
895
895
896
896
897
897
898
898
899
899
900
900
901
901
902
885
903
903
904
904
905
902
905
906
906
907
907
908
909
910
911
912
913
914
915
916
917
918
919
920
921
922
923
924
925
926
927
928
929
930
931
932
933
934
934
935
935
936
936
937
937
938
938
939
939
940
940
941
941
942
942
943
943
944
944
945
945
946
946
947
947
948
948
949
949
950
950
933
951
951
952
952
953
953
954
954
955
955
956
957
958
959
960
961
962
963
964
965
966
967
968
969
970
971
972
973
974
975
976
977
978
979
980
981
982
982
983
983
984
984
985
985
986
986
987
987
988
988
989
989
990
990
991
991
992
992
993
993
994
994
995
995
996
996
997
997
998
998
981
999
999
1000
1000
1001
1001
1002
1002
1003
1003
1004
1005
1006
1007
1008
1009
1010
1011
1012
1013
1014
1015
1016
1017
1018
1019
1020
1021
1022
1023
1024
1025
1026
1027
1028
1029
1030
1030
1031
1031
1032
1032
1033
1033
1034
1034
1035
1035
1036
1036
1037
1037
1038
1038
1039
1039
1040
1040
1041
1041
1042
1042
1043
1043
1044
1044
1045
1045
1046
1046
1029
1047
1047
1048
1048
1049
1049
1050
1050
1051
1051
1052
1053
1054
1055
1056
1057
1058
1059
1060
1061
1062
1063
1064
1065
1066
1067
1068
1069
1070
1071
1072
1073
1074
1075
1076
1077
1078
1078
1079
1079
1080
1080
1081
1081
1082
1082
1083
1083
1084
1084
1085
1085
1086
1086
1087
1087
1088
1088
1089
1089
1090
1090
1091
1091
1092
1092
1093
1093
1094
1094
1077
1095
1095
1096
1096
1097
1097
1098
1098
1099
1099
1100
1101
1102
1103
1104
1105
1106
1107
1108
1109
1110
1111
1112
1113
1114
1115
1116
1117
1118
1119
1120
1121
1122
1123
1124
1125
1126
1126
1127
1127
1128
1128
1129
1129
1130
1130
1131
1131
1132
1132
1133
1133
1134
1134
1135
1135
1136
1136
1137
1137
1138
1138
1139
1139
1140
1140
1141
1141
1142
1142
1125
1143
1143
1144
1144
1145
1145
1146
1146
1147
1147
1148
1149
1150
1151
1152
1153
1154
1155
1156
1157
1158
1159
1160
1161
1162
1163
1164
1165
1166
1167
1168
1169
1170
1171
1172
1173
1174
1174
1175
1175
1176
1176
1177
1177
1178
1178
1179
1179
1180
1180
1181
1181
1182
1182
1183
1183
1184
1184
1185
1185
1186
1186
1187
1187
1188
1188
1189
1189
1190
1190
1173
1191
1191
1192
1192
1193
1193
1194
1194
1195
1195
1196
1197
1198
1199
1200
1201
1202
1203
1204
1205
1206
1207
1208
1209
1210
1211
1212
1213
1214
1215
1216
1217
1218
1219
1220
1221
1222
1222
1223
1223
1224
1224
1225
1225
1226
1226
1227
1227
1228
1228
1229
1229
1230
1230
1231
1231
1232
1232
1233
1233
1234
1234
1235
1235
1236
1236
1237
1237
1238
1238
1221
1239
1239
1240
1240
1241
1241
1242
1242
1243
1243
1244
1245
1246
1247
1248
1249
1250
1251
1252
1253
1254
1255
1256
1257
1258
1259
1260
1261
1262
1263
1264
1265
1266
1267
1268
1269
1270
1270
1271
1271
1272
1272
1273
1273
1274
1274
1275
1275
1276
1276
1277
1277
1278
1278
1279
1279
1280
1280
1281
1281
1282
1282
1283
1283
1284
1284
1285
1285
1286
1286
1269
1287
1287
1288
1288
1289
1289
1290
1290
1291
1291
1292
1293
1294
1295
1296
1297
1298
1299
1300
1301
1302
1303
1304
1305
1306
1307
1308
1309
1310
1311
1312
1313
1314
1315
1316
1317
1318
1318
1319
1319
1320
1320
1321
1321
1322
1322
1323
1323
1324
1324
1325
1325
1326
1326
1327
1327
1328
1328
1329
1329
1330
1330
1331
1331
1332
1332
1333
1333
1334
1334
1317
1335
1335
1336
1336
1337
1337
1338
1338
1339
1339
1340
1341
1342
1343
1344
1345
1346
1347
1348
1349
1350
1351
1352
1353
1354
1355
1356
1357
1358
1359
1360
1361
1362
1363
1364
1365
1366
1366
1367
1367
1368
1368
1369
1369
1370
1370
1371
1371
1372
1372
1373
1373
1374
1374
1375
1375
1376
1376
1377
1377
1378
1378
1379
1379
1380
1380
1381
1381
1382
1382
1365
1383
1383
1384
1384
1385
1385
1386
1386
1387
1387
1388
1389
1390
1391
1392
1393
1394
1395
1396
1397
1398
1399
1400
1401
1402
1403
1404
1405
1406
1407
1408
1409
1410
1411
1412
1413
1414
1414
1415
1415
1416
1416
1417
1417
1418
1418
1419
1419
1420
1420
1421
1421
1422
1422
1423
1423
1424
1424
1425
1425
1426
1426
1427
1427
1428
1428
1429
1429
1430
1430
1413
1431
1431
1432
1432
1433
1433
1434
1434
1435
1435
1436
1437
1438
1439
1440
1441
1442
1443
1444
1445
1446
1447
1448
1449
1450
1451
1452
1453
1454
1455
1456
1457
1458
1459
1460
1461
1462
1462
1463
1463
1464
1464
1465
1465
1466
1466
1467
1467
1468
1468
1469
1469
1470
1470
1471
1471
1472
1472
1473
1473
1474
1474
1475
1475
1476
1476
1477
1477
1478
1478
1461
1479
1479
1480
1480
1481
1481
1482
1482
1483
1483
1484
1485
1486
1487
1488
1489
1490
1491
1492
1493
1494
1495
1496
1497
1498
1499
1500
1501
1502
1503
1504
1505
1506
1507
1508
1509
1510
1510
1511
1511
1512
1512
1513
1513
1514
1514
1515
1515
1516
1516
1517
1517
1518
1518
1519
1519
1520
1520
1521
1521
1522
1522
1523
1523
1524
1524
1525
1525
1526
1526
1509
1527
1527
1528
1528
1529
1529
1530
1530
1531
1531
1532
1533
1534
1535
1536
1537
1538
1539
1540
1541
1542
1543
1544
1545
1546
1547
1548
1549
1550
1551
1552
1553
1554
1555
1556
1557
1558
1558
1559
1559
1560
1560
1561
1561
1562
1562
1563
1563
1564
1564
1565
1565
1566
1566
1567
1567
1568
1568
1569
1569
1570
1570
1571
1571
1572
1572
1573
1573
1574
1574
1557
1575
1575
1576
1576
1577
1577
1578
1578
1579
1579
1580
1581
1582
1583
1584
1585
1586
1587
1588
1589
1590
1591
1592
1593
1594
1595
1596
1597
1598
1599
1600
1601
1602
1603
1604
1605
1606
1606
1607
1607
1608
1608
1609
1609
1610
1610
1611
1611
1612
1612
1613
1613
1614
1614
1615
1615
1616
1616
1617
1617
1618
1618
1619
1619
1620
1620
1621
1621
1622
1622
1605
1623
1623
1624
1624
1625
1625
1626
1626
1627
1627
1628
1629
1630
1631
1632
1633
1634
1635
1636
1637
1638
1639
1640
1641
1642
1643
1644
1645
1646
1647
1648
1649
1650
1651
1652
1653
1654
1654
1655
1655
1656
1656
1657
1657
1658
1658
1659
1659
1660
1660
1661
1661
1662
1662
1663
1663
1664
1664
1665
1665
1666
1666
1667
1667
1668
1668
1669
1669
1670
1670
1653
1671
1671
1672
1672
1673
1673
1674
1674
1675
1675
1676
1677
1678
1679
1680
1681
1682
1683
1684
1685
1686
1687
1688
1689
1690
1691
1692
1693
1694
1695
1696
1697
1698
1699
1700
1701
1702
1702
1703
1703
1704
1704
1705
1705
1706
1706
1707
1707
1708
1708
1709
1709
1710
1710
1711
1711
1712
1712
1713
1713
1714
1714
1715
1715
1716
1716
1717
1717
1718
1718
1701
1719
1719
1720
1720
1721
1721
1722
1722
1723
1723
1724
1725
1726
1727
1728
1729
1730
1731
1732
1733
1734
1735
1736
1737
1738
1739
1740
1741
1742
1743
1744
1745
1746
1747
1748
1749
1750
1750
1751
1751
1752
1752
1753
1753
1754
1754
1755
1755
1756
1756
1757
1757
1758
1758
1759
1759
1760
1760
1761
1761
1762
1762
1763
1763
1764
1764
1765
1765
1766
1766
1749
1767
1767
1768
1768
1769
1769
1770
1770
1771
1771
1772
1773
1774
1775
1776
1777
1778
1779
1780
1781
1782
1783
1784
1785
1786
1787
1788
1789
1790
1791
1792
1793
1794
1795
1796
1797
1798
1798
1799
1799
1800
1800
1801
1801
1802
1802
1803
1803
1804
1804
1805
1805
1806
1806
1807
1807
1808
1808
1809
1809
1810
1810
1811
1811
1812
1812
1813
1813
1814
1814
1797
1815
1815
1816
1816
1817
1817
1818
1818
1819
1819
1820
1821
1822
1823
1824
1825
1826
1827
1828
1829
1830
1831
1832
1833
1834
1835
1836
1837
1838
1839
1840
1841
1842
1843
1844
1845
1846
1846
1847
1847
1848
1848
1849
1849
1850
1850
1851
1851
1852
1852
1853
1853
1854
1854
1855
1855
1856
1856
1857
1857
1858
1858
1859
1859
1860
1860
1861
1861
1862
1862
1845
1863
1863
1864
1864
1865
1865
1866
1866
1867
1867
1868
1869
1870
1871
1872
1873
1874
1875
1876
1877
1878
1879
1880
1881
1882
1883
1884
1885
1886
1887
1888
1889
1890
1891
1892
1893
1894
1894
1895
1895
1896
1896
1897
1897
1898
1898
1899
1899
1900
1900
1901
1901
1902
1902
1903
1903
1904
1904
1905
1905
1906
1906
1907
1907
1908
1908
1909
1909
1910
1910
1893
1911
1911
1912
1912
1913
1913
1914
1914
1915
1915
1916
1917
1918
1919
1920
1921
1922
1923
1924
1925
1926
1927
1928
1929
1930
1931
1932
1933
1934
1935
1936
1937
1938
1939
1940
1941
1942
1942
1943
1943
1944
1944
1945
1945
1946
1946
1947
1947
1948
1948
1949
1949
1950
1950
1951
1951
1952
1952
1953
1953
1954
1954
1955
1955
1956
1956
1957
1957
1958
1958
1941
1959
1959
1960
1960
1961
1961
1962
1962
1963
1963
1964
1965
1966
1967
1968
1969
1970
1971
1972
1973
1974
1975
1976
1977
1978
1979
1980
1981
1982
1983
1984
1985
1986
1987
1988
1989
1990
1990
1991
1991
1992
1992
1993
1993
1994
1994
1995
1995
1996
1996
1997
1997
1998
1998
1999
1999
2000
2000
2001
2001
2002
2002
2003
2003
2004
2004
2005
2005
2006
2006
1989
2007
2007
2008
2008
2009
2009
2010
2010
2011
2011
2012
2013
2014
2015
2016
2017
2018
2019
2020
2021
2022
2023
2024
2025
2026
2027
2028
2029
2030
2031
2032
2033
2034
2035
2036
2037
2038
2038
2039
2039
2040
2040
2041
2041
2042
2042
2043
2043
2044
2044
2045
2045
2046
2046
2047
2047
2048
2048
2049
2049
2050
2050
2051
2051
2052
2052
2053
2053
2054
2054
2037
2055
2055
2056
2056
2057
2057
2058
2058
2059
2059
2060
2061
2062
2063
2064
2065
2066
2067
2068
2069
2070
2071
2072
2073
2074
2075
2076
2077
2078
2079
2080
2081
2082
2083
2084
2085
2086
2086
2087
2087
2088
2088
2089
2089
2090
2090
2091
2091
2092
2092
2093
2093
2094
2094
2095
2095
2096
2096
2097
2097
2098
2098
2099
2099
2100
2100
2101
2101
2102
2102
2085
2103
2103
2104
2104
2105
2105
2106
2106
2107
2107
2108
2109
2110
2111
2112
2113
2114
2115
2116
2117
2118
2119
2120
2121
2122
2123
2124
2125
2126
2127
2128
2129
2130
2131
2132
2133
2134
2134
2135
2135
2136
2136
2137
2137
2138
2138
2139
2139
2140
2140
2141
2141
2142
2142
2143
2143
2144
2144
2145
2145
2146
2146
2147
2147
2148
2148
2149
2149
2150
2150
2133
2151
2151
2152
2152
2153
2153
2154
2154
2155
2155
2156
2157
2158
2159
2160
2161
2162
2163
2164
2165
2166
2167
2168
2169
2170
2171
2172
2173
2174
2175
2176
2177
2178
2179
2180
2181
2182
2182
2183
2183
2184
2184
2185
2185
2186
2186
2187
2187
2188
2188
2189
2189
2190
2190
2191
2191
2192
2192
2193
2193
2194
2194
2195
2195
2196
2196
2197
2197
2198
2198
2181
2199
2199
2200
2200
2201
2201
2202
2202
2203
2203
2204
2205
2206
2207
2208
2209
2210
2211
2212
2213
2214
2215
2216
2217
2218
2219
2220
2221
2222
2223
2224
2225
2226
2227
2228
2229
2230
2230
2231
2231
2232
2232
2233
2233
2234
2234
2235
2235
2236
2236
2237
2237
2238
2238
2239
2239
2240
2240
2241
2241
2242
2242
2243
2243
2244
2244
2245
2245
2246
2246
2229
2247
2247
2248
2248
2249
2249
2250
2250
2251
2251
2252
2253
2254
2255
2256
2257
2258
2259
2260
2261
2262
2263
2264
2265
2266
2267
2268
2269
2270
2271
2272
2273
2274
2275
2276
2277
2278
2278
2279
2279
2280
2280
2281
2281
2282
2282
2283
2283
2284
2284
2285
2285
2286
2286
2287
2287
2288
2288
2289
2289
2290
2290
2291
2291
2292
2292
2293
2293
2294
2294
2277
2295
2295
2296
2296
2297
2297
2298
2298
2299
2299
2300
2301
2302
2303
2304
2305
2306
2307
2308
2309
2310
2311
2312
2313
2314
2315
2316
2317
2318
2319
2320
2321
2322
2323
2324
2325
2326
2326
2327
2327
2328
2328
2329
2329
2330
2330
2331
2331
2332
2332
2333
2333
2334
2334
2335
2335
2336
2336
2337
2337
2338
2338
2339
2339
2340
2340
2341
2341
2342
2342
2325
2343
2343
2344
2344
2345
2345
2346
2346
2347
2347
2348
2349
2350
2351
2352
2353
2354
2355
2356
2357
2358
2359
2360
2361
2362
2363
2364
2365
2366
2367
2368
2369
2370
2371
2372
2373
2374
2374
2375
2375
2376
2376
2377
2377
2378
2378
2379
2379
2380
2380
2381
2381
2382
2382
2383
2383
2384
2384
2385
2385
2386
2386
2387
2387
2388
2388
2389
2389
2390
2390
2373
2391
2391
2392
2392
2393
2393
2394
2394
2395
2395
2396
2397
2398
2399
2400
2401
2402
2403
2404
2405
2406
2407
2408
2409
2410
2411
2412
2413
2414
2415
2416
2417
2418
2419
2420
2421
2422
2422
2423
2423
2424
2424
2425
2425
2426
2426
2427
2427
2428
2428
2429
2429
2430
2430
2431
2431
2432
2432
2433
2433
2434
2434
2435
2435
2436
2436
2437
2437
2438
2438
2421
2439
2439
2440
2440
2441
2441
2442
2442
2443
2443
2444
2445
2446
2447
2448
2449
2450
2451
2452
2453
2454
2455
2456
2457
2458
2459
2460
2461
2462
2463
2464
2465
2466
2467
2468
2469
2470
2470
2471
2471
2472
2472
2473
2473
2474
2474
2475
2475
2476
2476
2477
2477
2478
2478
2479
2479
2480
2480
2481
2481
2482
2482
2483
2483
2484
2484
2485
2485
2486
2486
2469
2487
2487
2488
2488
2489
2489
2490
2490
2491
2491
2492
2493
2494
2495
2496
2497
2498
2499
2500
2501
2502
2503
2504
2505
2506
2507
2508
2509
2510
2511
2512
2513
2514
2515
2516
2517
2518
2518
2519
2519
2520
2520
2521
2521
2522
2522
2523
2523
2524
2524
2525
2525
2526
2526
2527
2527
2528
2528
2529
2529
2530
2530
2531
2531
2532
2532
2533
2533
2534
2534
2517
2535
2535
2536
2536
2537
2537
2538
2538
2539
2539
2540
2541
2542
2543
2544
2545
2546
2547
2548
2549
2550
2551
2552
2553
2554
2555
2556
2557
2558
2559
2560
2561
2562
2563
2564
2565
2566
2566
2567
2567
2568
2568
2569
2569
2570
2570
2571
2571
2572
2572
2573
2573
2574
2574
2575
2575
2576
2576
2577
2577
2578
2578
2579
2579
2580
2580
2581
2581
2582
2582
2565
2583
2583
2584
2584
2585
2585
2586
2586
2587
2587
2588
2589
2590
2591
2592
2593
2594
2595
2596
2597
2598
2599
2600
2601
2602
2603
2604
2605
2606
2607
2608
2609
2610
2611
2612
2613
2614
2614
2615
2615
2616
2616
2617
2617
2618
2618
2619
2619
2620
2620
2621
2621
2622
2622
2623
2623
2624
2624
2625
2625
2626
2626
2627
2627
2628
2628
2629
2629
2630
2630
2613
2631
2631
2632
2632
2633
2633
2634
2634
2635
2635
2636
2637
2638
2639
2640
2641
2642
2643
2644
2645
2646
2647
2648
2649
2650
2651
2652
2653
2654
2655
2656
2657
2658
2659
2660
2661
2662
2662
2663
2663
2664
2664
2665
2665
2666
2666
2667
2667
2668
2668
2669
2669
2670
2670
2671
2671
2672
2672
2673
2673
2674
2674
2675
2675
2676
2676
2677
2677
2678
2678
2661
2679
2679
2680
2680
2681
2681
2682
2682
2683
2683
2684
2685
2686
2687
2688
2689
2690
2691
2692
2693
2694
2695
2696
2697
2698
2699
2700
2701
2702
2703
2704
2705
2706
2707
2708
2709
2710
2710
2711
2711
2712
2712
2713
2713
2714
2714
2715
2715
2716
2716
2717
2717
2718
2718
2719
2719
2720
2720
2721
2721
2722
2722
2723
2723
2724
2724
2725
2725
2726
2726
2709
2727
2727
2728
2728
2729
2729
2730
2730
2731
2731
2732
2733
2734
2735
2736
2737
2738
2739
2740
2741
2742
2743
2744
2745
2746
2747
2748
2749
2750
2751
2752
2753
2754
2755
2756
2757
2758
2758
2759
2759
2760
2760
2761
2761
2762
2762
2763
2763
2764
2764
2765
2765
2766
2766
2767
2767
2768
2768
2769
2769
2770
2770
2771
2771
2772
2772
2773
2773
2774
2774
2757
2775
2775
2776
2776
2777
2777
2778
2778
2779
2779
2780
2781
2782
2783
2784
2785
2786
2787
2788
2789
2790
2791
2792
2793
2794
2795
2796
2797
2798
2799
2800
2801
2802
2803
2804
2805
2806
2806
2807
2807
2808
2808
2809
2809
2810
2810
2811
2811
2812
2812
2813
2813
2814
2814
2815
2815
2816
2816
2817
2817
2818
2818
2819
2819
2820
2820
2821
2821
2822
2822
2805
2823
2823
2824
2824
2825
2825
2826
2826
2827
2827
2828
2829
2830
2831
2832
2833
2834
2835
2836
2837
2838
2839
2840
2841
2842
2843
2844
2845
2846
2847
2848
2849
2850
2851
2852
2853
2854
2854
2855
2855
2856
2856
2857
2857
2858
2858
2859
2859
2860
2860
2861
2861
2862
2862
2863
2863
2864
2864
2865
2865
2866
2866
2867
2867
2868
2868
2869
2869
2870
2870
2853
2871
2871
2872
2872
2873
2873
2874
2874
2875
2875
2876
2877
2878
2879
2880
2881
2882
2883
2884
2885
2886
2887
2888
2889
2890
2891
2892
2893
2894
2895
2896
2897
2898
2899
2900
2901
2902
2902
2903
2903
2904
2904
2905
2905
2906
2906
2907
2907
2908
2908
2909
2909
2910
2910
2911
2911
2912
2912
2913
2913
2914
2914
2915
2915
2916
2916
2917
2917
2918
2918
2901
2919
2919
2920
2920
2921
2921
2922
2922
2923
2923
2924
2925
2926
2927
2928
2929
2930
2931
2932
2933
2934
2935
2936
2937
2938
2939
2940
2941
2942
2943
2944
2945
2946
2947
2948
2949
2950
2949
2951
2951
2952
2952
2953
2953
2954
2954
2955
2955
2956
2956
2957
2957
2958
2958
2959
2959
2960
2960
2961
2961
2962
2962
2963
2963
2964
2964
2965
2965
2966
2966
2950
2967
2967
2968
2968
2969
2969
2970
2970
2971
2971
2972
2973
2974
2975
2976
2977
2978
2979
2980
2981
2982
2983
2984
2985
2986
2987
2988
2989
2990
2991
2992
2993
2994
2995
2996
2997
2998
2998
2999
2997
3000
3000
3001
3001
3002
3002
3003
3003
3004
3004
3005
3005
3006
3006
3007
3007
3008
3008
3009
3009
3010
3010
3011
3011
3012
3012
3013
3013
3014
3014
2999
3015
3015
3016
3016
3017
3017
3018
3018
3019
3019
3020
3021
3022
3023
3024
3025
3026
3027
3028
3029
3030
3031
3032
3033
3034
3035
3036
3037
3038
3039
3040
3041
3042
3043
3044
3045
3046
3046
3047
3047
3048
3045
3049
3049
3050
3050
3051
3051
3052
3052
3053
3053
3054
3054
3055
3055
3056
3056
3057
3057
3058
3058
3059
3059
3060
3060
3061
3061
3062
3062
3048
3063
3063
3064
3064
3065
3065
3066
3066
3067
3067
3068
3069
3070
3071
3072
3073
3074
3075
3076
3077
3078
3079
3080
3081
3082
3083
3084
3085
3086
3087
3088
3089
3090
3091
3092
3093
3094
3093
3095
3095
3096
3096
3097
3094
3098
3098
3099
3099
3100
3100
3101
3101
3102
3102
3103
3103
3104
3104
3105
3105
3106
3106
3107
3107
3108
3108
3109
3109
3110
3110
3097
3111
3111
3112
3112
3113
3113
3114
3114
3115
3115
3116
3117
3118
3119
3120
3121
3122
3123
3124
3125
3126
3127
3128
3129
3130
3131
3132
3133
3134
3135
3136
3137
3138
3139
3140
3141
3142
3142
3143
3141
3144
3144
3145
3145
3146
3143
3147
3147
3148
3148
3149
3149
3150
3150
3151
3151
3152
3152
3153
3153
3154
3154
3155
3155
3156
3156
3157
3157
3158
3158
3146
3159
3159
3160
3160
3161
3161
3162
3162
3163
3163
3164
3165
3166
3167
3168
3169
3170
3171
3172
3173
3174
3175
3176
3177
3178
3179
3180
3181
3182
3183
3184
3185
3186
3187
3188
3189
3190
3189
3191
3191
3192
3190
3193
3193
3194
3194
3195
3192
3196
3196
3197
3197
3198
3198
3199
3199
3200
3200
3201
3201
3202
3202
3203
3203
3204
3204
3205
3205
3206
3206
3195
3207
3207
3208
3208
3209
3209
3210
3210
3211
3211
3212
3213
3214
3215
3216
3217
3218
3219
3220
3221
3222
3223
3224
3225
3226
3227
3228
3229
3230
3231
3232
3233
3234
3235
3236
3237
3238
3238
3239
3237
3240
3240
3241
3239
3242
3242
3243
3243
3244
3241
3245
3245
3246
3246
3247
3247
3248
3248
3249
3249
3250
3250
3251
3251
3252
3252
3253
3253
3254
3254
3244
3255
3255
3256
3256
3257
3257
3258
3258
3259
3259
3260
3261
3262
3263
3264
3265
3266
3267
3268
3269
3270
3271
3272
3273
3274
3275
3276
3277
3278
3279
3280
3281
3282
3283
3284
3285
3286
3286
3287
3287
3288
3285
3289
3289
3290
3288
3291
3291
3292
3292
3293
3290
3294
3294
3295
3295
3296
3296
3297
3297
3298
3298
3299
3299
3300
3300
3301
3301
3302
3302
3293
3303
3303
3304
3304
3305
3305
3306
3306
3307
3307
3308
3309
3310
3311
3312
3313
3314
3315
3316
3317
3318
3319
3320
3321
3322
3323
3324
3325
3326
3327
3328
3329
3330
3331
3332
3333
3334
3334
3335
3335
3336
3336
3337
3333
3338
3338
3339
3337
3340
3340
3341
3341
3342
3339
3343
3343
3344
3344
3345
3345
3346
3346
3347
3347
3348
3348
3349
3349
3350
3350
3342
3351
3351
3352
3352
3353
3353
3354
3354
3355
3355
3356
3357
3358
3359
3360
3361
3362
3363
3364
3365
3366
3367
3368
3369
3370
3371
3372
3373
3374
3375
3376
3377
3378
3379
3380
3381
3382
3381
3383
3383
3384
3384
3385
3385
3386
3382
3387
3387
3388
3386
3389
3389
3390
3390
3391
3388
3392
3392
3393
3393
3394
3394
3395
3395
3396
3396
3397
3397
3398
3398
3391
3399
3399
3400
3400
3401
3401
3402
3402
3403
3403
3404
3405
3406
3407
3408
3409
3410
3411
3412
3413
3414
3415
3416
3417
3418
3419
3420
3421
3422
3423
3424
3425
3426
3427
3428
3429
3430
3430
3431
3429
3432
3432
3433
3433
3434
3434
3435
3431
3436
3436
3437
3435
3438
3438
3439
3439
3440
3437
3441
3441
3442
3442
3443
3443
3444
3444
3445
3445
3446
3446
3440
3447
3447
3448
3448
3449
3449
3450
3450
3451
3451
3452
3453
3454
3455
3456
3457
3458
3459
3460
3461
3462
3463
3464
3465
3466
3467
3468
3469
3470
3471
3472
3473
3474
3475
3476
3477
3478
3478
3479
3479
3480
3477
3481
3481
3482
3482
3483
3483
3484
3480
3485
3485
3486
3484
3487
3487
3488
3488
3489
3486
3490
3490
3491
3491
3492
3492
3493
3493
3494
3494
3489
3495
3495
3496
3496
3497
3497
3498
3498
3499
3499
3500
3501
3502
3503
3504
3505
3506
3507
3508
3509
3510
3511
3512
3513
3514
3515
3516
3517
3518
3519
3520
3521
3522
3523
3524
3525
3526
3525
3527
3527
3528
3528
3529
3526
3530
3530
3531
3531
3532
3532
3533
3529
3534
3534
3535
3533
3536
3536
3537
3538
3539
3535
3540
3540
3541
3541
3542
3542
3543
3543
3539
3544
3544
3545
3545
3546
3546
3547
3547
3548
3548
3549
3550
3551
3552
3553
3554
3555
3556
3557
3558
3559
3560
3561
3538
3562
3563
3564
3565
3566
3567
3568
3569
3570
3571
3572
3573
3574
3575
3576
3575
3577
3576
3578
3578
3579
3579
3580
3577
3581
3581
3582
3582
3583
3583
3584
3580
3585
3585
3586
3584
3587
3587
3588
3588
3589
3589
3590
3586
3591
3591
3592
3592
3593
3593
3590
3594
3594
3595
3595
3596
3596
3597
3597
3598
3598
3599
3600
3601
3602
3603
3604
3605
3606
3607
3608
3609
3610
3611
3612
3613
3614
3615
3616
3617
3618
3619
3620
3621
3622
3623
3624
3625
3626
3625
3627
3626
3628
3627
3629
3629
3630
3630
3631
3628
3632
3632
3633
3633
3634
3634
3635
3631
3636
3636
3637
3635
3638
3638
3639
3639
3640
3640
3641
3637
3642
3642
3643
3643
3641
3644
3644
3645
3645
3646
3646
3647
3647
3648
3648
3649
3650
3651
3652
3653
3654
3655
3656
3657
3658
3659
3660
3661
3662
3663
3664
3665
3666
3667
3668
3669
3670
3671
3672
3673
3674
3675
3676
3676
3677
3675
3678
3677
3679
3678
3680
3680
3681
3681
3682
3679
3683
3683
3684
3684
3685
3685
3686
3682
3687
3687
3688
3686
3689
3689
3690
3690
3691
3691
3692
3688
3693
3693
3692
3694
3694
3695
3695
3696
3696
3697
3697
3698
3698
3699
3700
3701
3702
3703
3704
3705
3706
3707
3708
3709
3710
3711
3712
3713
3714
3715
3716
3717
3718
3719
3720
3721
3722
3723
3724
3725
3726
3725
3727
3727
3728
3726
3729
3728
3730
3729
3731
3731
3732
3732
3733
3730
3734
3734
3735
3735
3736
3736
3737
3733
3738
3738
3739
3737
3740
3740
3741
3741
3742
3742
3743
3739
3743
3744
3744
3745
3745
3746
3746
3747
3747
3748
3748
3749
3750
3751
3752
3753
3754
3755
3756
3757
3758
3759
3760
3761
3762
3763
3764
3765
3766
3767
3768
3769
3770
3771
3772
3773
3774
3775
3776
3776
3777
3775
3778
3778
3779
3777
3780
3779
3781
3780
3782
3782
3783
3783
3784
3781
3785
3785
3786
3786
3787
3787
3788
3784
3789
3789
3788
3790
3790
3791
3791
3792
3792
3793
3793
3794
3794
3795
3795
3796
3796
3797
3797
3798
3798
3799
3800
3801
3802
3803
3804
3805
3806
3807
3808
3809
3810
3811
3812
3813
3814
3815
3816
3817
3818
3819
3820
3821
3822
3823
3824
3825
3826
3826
3827
3827
3828
3825
3829
3829
3830
3828
3831
3830
3832
3831
3833
3833
3834
3834
3835
3832
3836
3836
3837
3837
3838
3838
3839
3835
3839
3840
3840
3841
3841
3842
3842
3843
3843
3844
3844
3845
3845
3846
3846
3847
3847
3848
3848
3849
3850
3851
3852
3853
3854
3855
3856
3857
3858
3859
3860
3861
3862
3863
3864
3865
3866
3867
3868
3869
3870
3871
3872
3873
3874
3875
3876
3876
3877
3877
3878
3878
3879
3875
3880
3880
3881
3879
3882
3881
3883
3882
3884
3884
3885
3885
3883
3886
3886
3887
3887
3888
3888
3889
3889
3890
3890
3891
3891
3892
3892
3893
3893
3894
3894
3895
3895
3896
3896
3897
3897
3898
3898
3899
3900
3901
3902
3903
3904
3905
3906
3907
3908
3909
3910
3911
3912
3913
3914
3915
3916
3917
3918
3919
3920
3921
3922
3923
3924
3925
3926
3926
3927
3927
3928
3928
3929
3929
3930
3925
3931
3931
3932
3930
3933
3932
3934
3933
3935
3935
3934
3936
3936
3937
3937
3938
3938
3939
3939
3940
3940
3941
3941
3942
3942
3943
3943
3944
3944
3945
3945
3946
3946
3947
3947
3948
3948
3949
3950
3951
3952
3953
3954
3955
3956
3957
3958
3959
3960
3961
3962
3963
3964
3965
3966
3967
3968
3969
3970
3971
3972
3973
3974
3975
3976
3976
3977
3977
3978
3978
3979
3979
3980
3980
3981
3975
3982
3982
3983
3981
3984
3983
3985
3984
3985
3986
3986
3987
3987
3988
3988
3989
3989
3990
3990
3991
3991
3992
3992
3993
3993
3994
3994
3995
3995
3996
3996
3997
3997
3998
3998
3999
4000
4001
4002
4003
4004
4005
4006
4007
4008
4009
4010
4011
4012
4013
4014
4015
4016
4017
4018
4019
4020
4021
4022
4023
4024
4025
4026
4026
4027
4027
4028
4028
4029
4029
4030
4030
4031
4031
4032
4025
4033
4033
4034
4032
4034
4035
4035
4036
4036
4037
4037
4038
4038
4039
4039
4040
4040
4041
4041
4042
4043
4044
4044
4045
4045
4046
4046
4047
4047
4048
4048
4049
4049
4050
4051
4052
4053
4054
4055
4056
4057
4058
4059
4060
4061
4062
4063
4064
4065
4066
4067
4043
4068
4069
4070
4071
4072
4073
4074
4075
4076
4077
4078
4078
4079
4079
4080
4080
4081
4081
4082
4082
4083
4083
4084
4084
4077
4085
4085
4086
4086
4087
4087
4088
4088
4089
4089
4090
4090
4091
4091
4092
4092
4093
4093
4094
4094
4095
4095
4096
4096
4097
4097
4098
4098
4099
4099
4100
4100
4101
4101
4102
4103
4104
4105
4106
4107
4108
4109
4110
4111
4112
4113
4114
4115
4116
4117
4118
4119
4120
4121
4122
4123
4124
4125
4126
4127
4128
4129
4130
4130
4131
4132
4133
4132
4134
4134
4135
4135
4136
4136
4137
4137
4129
4138
4138
4139
4139
4140
4140
4141
4141
4142
4142
4143
4143
4144
4144
4145
4145
4146
4146
4147
4147
4148
4148
4149
4149
4150
4150
4151
4151
4152
4153
4154
4154
4155
4155
4156
4157
4158
4133
4159
4160
4161
4162
4163
4164
4165
4166
4167
4168
4169
4170
4171
4172
4173
4174
4175
4176
4177
4178
4179
4153
4180
4181
4182
4183
4184
4185
4186
4159
4185
4187
4188
4189
4188
4190
4189
4191
4191
4192
4192
4193
4193
4186
4194
4194
4195
4195
4196
4196
4197
4197
4198
4198
4199
4199
4200
4200
4201
4201
4202
4202
4203
4203
4204
4204
4205
4205
4206
4206
4207
4207
4208
4208
4209
4209
4210
4210
4211
4211
4212
4213
4214
4190
4215
4216
4217
4218
4219
4220
4221
4222
4223
4224
4225
4226
4227
4228
4229
4230
4231
4232
4233
4234
4235
4236
4237
4238
4239
4240
4215
4241
4241
4242
4243
4244
4245
4245
4246
4244
4247
4246
4248
4248
4249
4249
4242
4250
4250
4251
4251
4252
4252
4253
4253
4254
4254
4255
4255
4256
4256
4257
4257
4258
4258
4259
4259
4260
4260
4261
4261
4262
4262
4263
4263
4264
4264
4265
4265
4266
4266
4267
4267
4268
4269
4270
4247
4271
4272
4273
4274
4275
4276
4277
4278
4279
4280
4281
4282
4283
4284
4285
4286
4287
4288
4289
4290
4291
4292
4293
4294
4295
4296
4271
4297
4297
4298
4299
4300
4301
4301
4302
4302
4303
4300
4304
4303
4305
4305
4298
4306
4306
4307
4307
4308
4308
4309
4309
4310
4310
4311
4311
4312
4312
4313
4313
4314
4314
4315
4315
4316
4316
4317
4317
4318
4318
4319
4319
4320
4320
4321
4321
4322
4322
4323
4323
4324
4325
4326
4304
4327
4328
4329
4330
4331
4332
4333
4334
4335
4336
4337
4338
4339
4340
4341
4342
4343
4344
4345
4346
4347
4348
4349
4350
4351
4352
4327
4353
4353
4354
4355
4356
4357
4356
4358
4358
4359
4359
4360
4357
4361
4360
4354
4362
4362
4363
4363
4364
4364
4365
4365
4366
4366
4367
4367
4368
4368
4369
4370
4371
4371
4372
4372
4373
4373
4374
4374
4375
4375
4376
4376
4377
4377
4378
4378
4379
4379
4380
4381
4382
4383
4384
4361
4385
4386
4387
4388
4389
4390
4391
4392
4393
4394
4395
4396
4397
4398
4370
4399
4400
4401
4402
4403
4404
4405
4406
4407
4408
4409
4381
4410
4411
4412
4385
4413
4414
4415
4416
4417
4418
4417
4419
4418
4420
4420
4421
4421
4419
4422
4415
4423
4423
4424
4424
4425
4425
4426
4426
4427
4427
4428
4428
4429
4429
4430
4430
4431
4431
4432
4432
4433
4433
4434
4434
4435
4435
4436
4436
4437
4437
4438
4439
4440
4410
4439
4441
4442
4443
4443
4444
4414
4445
4446
4447
4422
4448
4449
4450
4451
4452
4453
4454
4455
4456
4457
4458
4459
4460
4461
4462
4463
4464
4465
4466
4467
4468
4469
4440
4470
4471
4472
4473
4474
4474
4475
4476
4477
4448
4478
4447
4479
4480
4481
4482
4483
4483
4484
4482
4485
4484
4486
4486
4485
4487
4480
4488
4488
4489
4489
4490
4490
4491
4491
4492
4492
4493
4493
4494
4494
4495
4495
4496
4496
4497
4497
4498
4499
4500
4499
4501
4502
4503
4502
4504
4504
4505
4473
4506
4505
4506
4507
4508
4509
4510
4510
4511
4511
4512
4479
4513
4514
4515
4487
4516
4517
4518
4519
4520
4521
4522
4523
4524
4525
4526
4527
4528
4529
4530
4531
4532
4500
4533
4534
4535
4503
4536
4537
4538
4539
4540
4541
4508
4542
4543
4543
4544
4545
4546
4547
4516
4548
4515
4549
4550
4551
4552
4553
4553
4554
4554
4555
4552
4556
4555
4556
4557
4550
4558
4558
4559
4559
4560
4560
4561
4561
4562
4562
4563
4563
4564
4564
4565
4565
4566
4566
4567
4567
4568
4569
4570
4568
4569
4570
4571
4572
4573
4571
4573
4572
4574
4574
4575
4542
4575
4576
4577
4578
4579
4578
4580
4581
4582
4583
4582
4584
4585
4557
4586
4587
4588
4589
4590
4591
4592
4593
4594
4595
4596
4597
4598
4599
4600
4601
4602
4603
4604
4605
4606
4607
4608
4609
4610
4611
4612
4612
4613
4614
4613
4615
4581
4616
4617
4586
4618
4585
4619
4620
4621
4622
4623
4623
4624
4624
4625
4625
4622
4626
4626
4627
4620
4628
4628
4629
4629
4630
4630
4631
4631
4632
4632
4633
4633
4634
4634
4635
4635
4636
4636
4637
4637
4638
4638
4639
4639
4640
4640
4641
4642
4643
4641
4643
4642
4644
4611
4644
4645
4646
4647
4616
4648
4648
4649
4650
4619
4651
4651
4652
4653
4654
4627
4655
4656
4657
4658
4659
4660
4661
4662
4663
4664
4665
4666
4667
4668
4669
4670
4671
4672
4673
4674
4675
4676
4677
4678
4646
4679
4680
4680
4681
4682
4681
4683
4684
4685
4655
4686
4654
4687
4688
4689
4690
4691
4690
4692
4692
4693
4693
4691
4694
4694
4695
4688
4696
4696
4697
4697
4698
4698
4699
4699
4700
4700
4701
4701
4702
4702
4703
4703
4704
4704
4705
4705
4706
4707
4708
4707
4709
4709
4710
4711
4712
4710
4712
4679
4711
4713
4714
4715
4684
4716
4716
4717
4718
4687
4719
4720
4721
4722
4723
4695
4724
4725
4726
4727
4728
4729
4730
4731
4732
4733
4734
4735
4736
4737
4738
4739
4740
4708
4741
4742
4743
4744
4745
4746
4747
4714
4748
4749
4749
4750
4751
4750
4752
4753
4720
4754
4755
4724
4756
4723
4757
4758
4759
4760
4761
4760
4762
4761
4763
4763
4762
4764
4764
4765
4758
4766
4766
4767
4767
4768
4768
4769
4769
4770
4770
4771
4772
4773
4773
4774
4774
4775
4775
4776
4776
4777
4778
4779
4777
4779
4778
4780
4781
4782
4748
4783
4781
4783
4784
4785
4786
4753
4787
4787
4788
4757
4789
4789
4790
4790
4791
4792
4793
4765
4794
4795
4796
4797
4798
4799
4800
4801
4802
4803
4804
4805
4772
4806
4807
4808
4809
4810
4811
4812
4813
4814
4782
4815
4816
4817
4818
4785
4819
4820
4821
4822
4823
4822
4824
4825
4826
4794
4827
4793
4828
4829
4830
4831
4832
4831
4833
4834
4835
4833
4835
4836
4836
4837
4829
4838
4838
4839
4839
4840
4840
4841
4841
4842
4842
4843
4844
4845
4845
4846
4846
4847
4847
4848
4848
4849
4849
4850
4851
4852
4850
4852
4851
4853
4854
4855
4853
4855
4819
4854
4856
4821
4857
4858
4859
4860
4860
4861
4828
4862
4862
4863
4863
4864
4865
4866
4837
4867
4868
4834
4869
4870
4871
4872
4873
4874
4875
4876
4877
4878
4879
4844
4880
4881
4882
4883
4884
4885
4886
4887
4888
4889
4890
4891
4892
4893
4894
4894
4895
4896
4897
4897
4898
4898
4899
4900
4901
4867
4902
4866
4903
4904
4905
4906
4907
4906
4908
4907
4872
4909
4910
4910
4911
4911
4912
4904
4913
4913
4914
4914
4915
4915
4916
4916
4917
4917
4918
4882
4919
4920
4920
4921
4921
4922
4922
4923
4924
4925
4924
4926
4927
4928
4926
4928
4927
4929
4893
4930
4929
4930
4931
4932
4896
4933
4934
4935
4936
4937
4903
4938
4938
4939
4940
4941
4942
4943
4912
4944
4945
4946
4909
4947
4948
4949
4950
4951
4952
4953
4954
4955
4956
4919
4957
4958
4959
4960
4961
4925
4962
4963
4964
4965
4966
4967
4968
4969
4932
4970
4971
4971
4972
4935
4973
4974
4974
4975
4975
4976
4941
4977
4944
4978
4979
4980
4981
4981
4982
4983
4984
4985
4985
4984
4986
4987
4988
4950
4988
4989
4989
4990
4982
4991
4991
4992
4992
4993
4993
4994
4995
4996
4996
4997
4959
4998
4999
4999
5000
5000
5001
5001
5002
5003
5004
5002
5004
5003
5005
5006
5007
5005
5007
5006
5008
4970
5008
5009
5010
4973
5011
5012
5013
5014
4980
5015
5015
5016
5017
5018
5016
5018
5019
5020
5021
4990
5022
5023
5024
4987
5025
5026
5027
5028
5029
5030
5031
5032
4995
5033
5034
5035
4998
5036
5037
5038
5039
5040
5041
5042
5043
5044
5045
5046
5047
5010
5048
5049
5049
5050
5013
5051
5052
5052
5053
5054
5055
5022
5056
5057
5020
5058
5059
5059
5060
5061
5062
5063
5063
5062
5064
5065
5066
5028
5065
5067
5067
5068
5060
5069
5069
5070
5071
5072
5071
5073
5073
5074
5074
5075
5075
5076
5077
5078
5077
5079
5079
5080
5080
5081
5081
5082
5083
5084
5082
5084
5083
5085
5086
5087
5087
5088
5048
5086
5089
5090
5051
5091
5092
5093
5094
5058
5095
5095
5096
5097
5098
5096
5097
5099
5100
5101
5068
5102
5103
5104
5066
5105
5106
5107
5108
5109
5110
5072
5111
5112
5113
5114
5115
5116
5078
5117
5118
5119
5120
5121
5122
5123
5124
5125
5088
5126
5127
5128
5129
5090
5130
5131
5131
5132
5093
5133
5134
5134
5135
5136
5137
5102
5138
5100
5139
5140
5140
5141
5142
5105
5143
5144
5145
5146
5147
5147
5148
5146
5149
5149
5150
5141
5151
5151
5152
5113
5153
5154
5153
5155
5155
5156
5156
5157
5157
5158
5119
5159
5160
5159
5161
5162
5163
5162
5164
5164
5165
5166
5167
5165
5167
5166
5168
5130
5169
5169
5170
5170
5171
5172
5173
5133
5174
5175
5176
5139
5177
5177
5178
5178
5179
5179
5180
5181
5182
5183
5150
5184
5144
5185
5186
5148
5187
5188
5189
5190
5191
5192
5193
5154
5194
5195
5196
5197
5198
5199
5160
5200
5201
5202
5163
5203
5204
5205
5206
5207
5208
5209
5171
5210
5211
5212
5213
5214
5215
5214
5216
5216
5217
5218
5219
5218
5220
5221
5222
5184
5223
5182
5224
5225
5225
5226
5227
5187
5228
5229
5230
5231
5232
5232
5233
5233
5234
5231
5235
5235
5236
5226
5237
5237
5238
5196
5239
5240
5239
5241
5241
5242
5242
5243
5243
5244
5202
5245
5246
5245
5247
5205
5248
5249
5248
5250
5250
5251
5252
5253
5251
5254
5252
5255
5215
5256
5213
5256
5257
5258
5259
5260
5219
5261
5262
5263
5224
5264
5264
5265
5265
5266
5266
5267
5268
5269
5270
5236
5271
5229
5272
5273
5274
5275
5276
5277
5278
5275
5279
5280
5281
5282
5240
5283
5284
5285
5286
5287
5288
5246
5289
5290
5291
5249
5292
5293
5294
5295
5296
5297
5254
5298
5299
5257
5300
5301
5302
5303
5304
5303
5305
5304
5306
5306
5307
5308
5308
5309
5310
5311
5312
5271
5313
5269
5314
5315
5315
5316
5317
5274
5318
5319
5320
5321
5280
5322
5322
5323
5279
5323
5324
5325
5325
5326
5316
5327
5327
5328
5285
5329
5330
5329
5331
5331
5332
5332
5333
5333
5334
5291
5335
5336
5335
5337
5294
5338
5339
5338
5340
5340
5341
5342
5343
5342
5344
5341
5344
5343
5345
5302
5305
5346
5347
5348
5349
5350
5309
5351
5352
5314
5353
5353
5354
5354
5355
5355
5356
5357
5358
5359
5326
5360
5319
5361
5362
5363
5364
5364
5365
5366
5367
5365
5368
5369
5370
5371
5330
5372
5373
5374
5375
5376
5377
5336
5378
5379
5380
5339
5381
5382
5383
5384
5385
5386
5387
5388
5346
5389
5390
5391
5392
5392
5393
5390
5391
5393
5394
5394
5395
5396
5397
5398
5399
5400
5360
5401
5358
5402
5403
5404
5405
5406
5407
5408
5407
5409
5410
5411
5369
5412
5368
5412
5413
5414
5414
5415
5405
5416
5416
5417
5374
5418
5419
5418
5420
5421
5422
5422
5423
5423
5424
5380
5425
5426
5427
5428
5383
5429
5430
5431
5432
5432
5433
5434
5435
5434
5436
5433
5437
5436
5438
5439
5440
5441
5442
5443
5396
5444
5445
5402
5446
5447
5448
5448
5449
5450
5451
5452
5404
5453
5454
5455
5415
5456
5410
5457
5458
5458
5459
5460
5459
5461
5462
5463
5464
5419
5465
5466
5467
5468
5469
5468
5470
5471
5472
5426
5473
5427
5474
5475
5476
5430
5477
5431
5478
5479
5480
5481
5482
5483
5437
5484
5485
5486
5439
5487
5488
5441
5488
5489
5489
5490
5490
5491
5491
5492
5493
5447
5494
5495
5496
5451
5497
5456
5498
5499
5453
5500
5501
5455
5502
5503
5504
5505
5506
5507
5462
5508
5509
5510
5511
5511
5512
5503
5513
5513
5514
5467
5515
5516
5517
5515
5518
5471
5519
5520
5520
5521
5522
5523
5524
5525
5524
5526
5477
5527
5528
5479
5529
5530
5481
5531
5532
5532
5533
5534
5535
5535
5536
5534
5537
5533
5536
5537
5538
5539
5540
5541
5542
5493
5543
5500
5544
5544
5545
5545
5546
5546
5547
5548
5549
5547
5549
5550
5502
5551
5552
5553
5512
5554
5506
5555
5556
5556
5557
5509
5558
5559
5557
5560
5558
5561
5562
5516
5563
5564
5565
5518
5566
5567
5566
5568
5569
5522
5570
5571
5526
5572
5573
5527
5574
5575
5576
5530
5577
5531
5578
5579
5580
5581
5582
5583
5584
5585
5586
5539
5587
5540
5588
5588
5589
5589
5590
5590
5591
5592
5593
5594
5595
5554
5596
5597
5551
5598
5599
5553
5600
5601
5602
5603
5604
5605
5606
5560
5607
5608
5606
5609
5601
5610
5610
5611
5565
5612
5613
5614
5612
5615
5616
5617
5617
5618
5618
5619
5619
5620
5620
5621
5575
5622
5623
5624
5625
5577
5626
5627
5579
5628
5629
5581
5630
5631
5631
5632
5633
5634
5633
5635
5632
5635
5634
5636
5637
5638
5638
5639
5640
5641
5598
5642
5642
5643
5643
5644
5644
5645
5646
5647
5645
5647
5648
5600
5649
5650
5651
5609
5652
5604
5653
5653
5654
5607
5655
5656
5657
5658
5659
5613
5660
5661
5662
5615
5663
5664
5663
5665
5666
5667
5668
5669
5625
5670
5623
5671
5672
5626
5673
5674
5675
5676
5677
5630
5678
5676
5679
5680
5681
5682
5683
5684
5685
5637
5686
5687
5688
5688
5689
5689
5690
5690
5691
5692
5693
5694
5695
5696
5697
5698
5649
5699
5700
5651
5701
5702
5696
5703
5704
5656
5705
5657
5658
5706
5707
5708
5702
5709
5709
5710
5662
5711
5712
5713
5711
5714
5715
5716
5667
5715
5717
5717
5718
5718
5719
5719
5720
5674
5721
5673
5722
5723
5724
5677
5725
5726
5727
5728
5729
5728
5730
5731
5732
5732
5733
5733
5734
5735
5736
5735
5737
5734
5736
5737
5738
5739
5740
5739
5741
5742
5743
5699
5744
5744
5745
5745
5746
5746
5747
5748
5698
5749
5747
5750
5751
5752
5751
5753
5754
5708
5755
5756
5756
5757
5707
5758
5759
5759
5760
5712
5761
5762
5763
5714
5764
5765
5766
5764
5767
5768
5769
5770
5724
5771
5722
5772
5773
5725
5774
5775
5776
5727
5777
5778
5779
5731
5780
5781
5782
5783
5784
5785
5786
5787
5788
5789
5740
5790
5791
5792
5791
5793
5793
5794
5794
5795
5796
5797
5798
5799
5800
5800
5801
5752
5802
5803
5804
5754
5805
5806
5799
5807
5758
5808
5809
5810
5811
5812
5813
5763
5814
5815
5816
5814
5817
5768
5818
5818
5819
5820
5820
5821
5821
5822
5822
5823
5775
5824
5825
5826
5826
5827
5828
5829
5830
5781
5831
5829
5832
5780
5833
5834
5835
5833
5836
5784
5837
5838
5838
5839
5839
5840
5841
5842
5840
5841
5790
5842
5843
5844
5844
5845
5846
5847
5848
5849
5849
5850
5850
5851
5801
5851
5852
5853
5854
5848
5855
5805
5856
5856
5857
5858
5810
5859
5809
5860
5809
5861
5862
5813
5863
5815
5864
5865
5866
5867
5817
5868
5869
5870
5871
5872
5873
5874
5875
5876
5877
5825
5878
5879
5880
5830
5881
5877
5882
5883
5884
5832
5885
5886
5887
5837
5888
5885
5889
5889
5890
5891
5892
5893
5894
5895
5896
5845
5897
5898
5899
5900
5901
5901
5902
5903
5904
5905
5906
5907
5908
5908
5909
5910
5911
5857
5912
5913
5914
5859
5915
5916
5907
5917
5918
5916
5919
5919
5920
5865
5921
5922
5923
5924
5924
5925
5872
5926
5923
5927
5873
5928
5928
5929
5930
5931
5931
5932
5933
5934
5934
5935
5936
5882
5937
5880
5938
5939
5939
5940
5941
5886
5942
5942
5943
5944
5945
5946
5947
5947
5948
5949
5946
5950
5892
5951
5952
5952
5953
5953
5954
5954
5955
5897
5955
5956
5900
5957
5957
5958
5959
5960
5961
5962
5963
5963
5964
5964
5965
5910
5965
5966
5967
5911
5968
5969
5970
5962
5971
5915
5972
5972
5973
5974
5975
5918
5976
5977
5922
5978
5925
5979
5980
5981
5982
5983
5927
5984
5985
5986
5987
5988
5984
5987
5989
5933
5990
5991
5992
5993
5994
5941
5993
5938
5995
5996
5997
5943
5998
5999
6000
6001
5945
6002
6003
6004
6005
5951
6006
6002
6007
6007
6008
6009
6010
6011
6012
6013
5958
6014
6015
6016
6015
6017
6017
6018
6018
6019
6020
6021
6022
5976
6023
6023
6024
6024
6025
6026
6027
6025
6026
5973
6028
6029
6030
5975
6031
6032
6033
6032
6034
6034
6035
6036
6037
6036
6038
6039
6040
5983
6039
6041
6042
6040
6043
5989
6044
6045
6046
6047
6048
6048
6049
5992
6050
6051
6052
6051
6053
5999
6054
5997
6055
6056
6056
6057
6058
6003
6059
6059
6060
6061
6062
6005
6063
6064
6064
6065
6066
6063
6067
6010
6068
6069
6069
6070
6070
6071
6014
6072
6073
6074
6074
6075
6076
6077
6020
6078
6079
6079
6080
6027
6080
6081
6082
6083
6084
6085
6078
6086
6031
6087
6087
6088
6089
6090
6091
6038
6092
6093
6041
6094
6095
6096
6097
6098
6043
6099
6100
6047
6101
6099
6102
6103
6104
6105
6106
6050
6107
6108
6109
6058
6110
6110
6111
6055
6112
6113
6114
6060
6115
6116
6117
6118
6062
6119
6120
6121
6122
6068
6123
6119
6124
6124
6125
6126
6127
6128
6072
6129
6130
6075
6131
6132
6133
6132
6134
6134
6135
6136
6137
6138
6139
6139
6140
6140
6141
6141
6142
6143
6144
6145
6146
6147
6146
6148
6090
6149
6150
6151
6152
6152
6153
6094
6154
6155
6154
6156
6098
6157
6157
6158
6159
6160
6158
6161
6106
6162
6103
6163
6164
6165
6166
6162
6167
6168
6168
6169
6170
6171
6170
6172
6173
6172
6174
6116
6175
6114
6176
6177
6178
6179
6180
6181
6182
6181
6183
6184
6182
6185
6122
6186
6187
6187
6188
6189
6186
6190
6127
6191
6192
6192
6193
6193
6194
6131
6195
6196
6197
6197
6198
6199
6200
6137
6201
6202
6144
6202
6203
6204
6143
6205
6206
6207
6201
6208
6209
6210
6211
6211
6212
6210
6213
6151
6214
6215
6216
6156
6217
6218
6159
6219
6220
6221
6222
6223
6161
6224
6225
6226
6224
6227
6227
6228
6167
6229
6230
6231
6232
6233
6171
6234
6235
6236
6237
6238
6239
6238
6240
6176
6241
6242
6178
6243
6244
6183
6245
6239
6246
6247
6248
6249
6185
6250
6251
6252
6253
6191
6254
6255
6256
6256
6257
6258
6259
6260
6195
6261
6262
6263
6264
6265
6263
6266
6265
6267
6267
6268
6269
6270
6270
6271
6271
6272
6273
6274
6273
6275
6276
6277
6212
6277
6278
6279
6280
6214
6281
6282
6216
6283
6284
6285
6286
6287
6288
6288
6289
6287
6290
6291
6292
6292
6293
6291
6294
6295
6293
6296
6297
6298
6299
6230
6300
6231
6301
6302
6303
6297
6304
6298
6305
6305
6306
6236
6307
6308
6307
6309
6310
6311
6309
6312
6246
6313
6243
6314
6315
6315
6316
6316
6317
6318
6319
6320
6251
6320
6321
6322
6255
6323
6324
6253
6325
6326
6326
6327
6328
6329
6325
6330
6259
6331
6332
6261
6332
6333
6264
6334
6335
6336
6337
6337
6338
6339
6269
6340
6275
6341
6342
6274
6343
6344
6345
6346
6340
6347
6348
6279
6349
6350
6350
6351
6349
6352
6353
6354
6353
6355
6285
6356
6357
6358
6359
6360
6361
6294
6362
6358
6363
6364
6365
6366
6367
6368
6369
6368
6370
6371
6372
6369
6373
6373
6374
6304
6375
6376
6377
6377
6378
6379
6380
6308
6381
6382
6383
6384
6385
6386
6318
6386
6385
6387
6314
6388
6389
6390
6391
6322
6392
6393
6321
6394
6395
6396
6397
6324
6398
6399
6400
6401
6331
6402
6398
6403
6403
6404
6404
6405
6406
6407
6334
6408
6409
6338
6410
6410
6411
6412
6413
6412
6414
6415
6416
6416
6417
6417
6418
6419
6420
6420
6421
6415
6419
6422
6423
6351
6423
6424
6425
6426
6354
6427
6428
6429
6356
6430
6431
6431
6432
6433
6432
6434
6361
6435
6436
6436
6437
6435
6438
6365
6439
6440
6440
6441
6439
6442
6443
6444
6441
6445
6372
6446
6447
6448
6376
6449
6450
6451
6452
6453
6450
6454
6446
6455
6447
6456
6456
6457
6383
6458
6459
6458
6460
6461
6462
6463
6464
6393
6465
6466
6467
6466
6468
6468
6469
6469
6470
6471
6472
6473
6399
6473
6472
6474
6474
6475
6476
6477
6401
6478
6479
6480
6481
6482
6483
6478
6484
6407
6485
6408
6486
6411
6487
6488
6489
6490
6490
6491
6492
6493
6494
6421
6495
6496
6497
6498
6493
6499
6500
6425
6501
6502
6502
6503
6501
6504
6430
6505
6505
6506
6507
6508
6509
6438
6510
6510
6511
6512
6513
6442
6514
6515
6516
6517
6518
6519
6444
6520
6521
6520
6522
6523
6524
6521
6525
6525
6526
6527
6455
6528
6529
6530
6529
6531
6531
6532
6533
6534
6535
6536
6537
6536
6538
6463
6539
6540
6541
6471
6541
6542
6543
6544
6467
6545
6546
6547
6548
6549
6475
6550
6551
6552
6553
6554
6555
6477
6556
6557
6558
6480
6559
6560
6485
6561
6556
6562
6562
6563
6563
6564
6565
6565
6566
6566
6567
6491
6568
6568
6569
6570
6571
6570
6572
6573
6574
6575
6497
6572
6576
6576
6577
6578
6579
6503
6579
6580
6581
6582
6506
6583
6584
6585
6508
6586
6587
6587
6588
6589
6588
6590
6513
6591
6592
6592
6593
6591
6594
6517
6595
6596
6596
6597
6598
6599
6600
6601
6597
6602
6603
6604
6603
6605
6606
6607
6608
6532
6609
6609
6610
6611
6607
6612
6613
6614
6604
6615
6605
6616
6616
6617
6618
6619
6620
6620
6621
6622
6623
6544
6624
6625
6622
6626
6626
6627
6628
6551
6629
6547
6630
6631
6630
6632
6632
6633
6634
6635
6636
6637
6638
6637
6639
6638
6640
6640
6641
6642
6639
6643
6559
6644
6645
6645
6646
6646
6647
6648
6649
6644
6650
6651
6652
6569
6653
6654
6655
6656
6656
6657
6658
6575
6577
6659
6660
6661
6662
6658
6663
6664
6581
6665
6666
6666
6667
6665
6668
6669
6670
6670
6671
6669
6672
6673
6674
6594
6675
6675
6676
6677
6678
6598
6679
6680
6599
6681
6682
6683
6684
6685
6686
6687
6686
6688
6687
6689
6690
6691
6692
6693
6694
6695
6694
6696
6697
6615
6698
6612
6699
6700
6699
6701
6701
6702
6703
6704
6618
6705
6706
6623
6707
6708
6706
6709
6710
6711
6712
6713
6714
6715
6716
6628
6717
6718
6631
6719
6720
6721
6722
6634
6723
6724
6641
6725
6714
6726
6727
6728
6729
6730
6731
6643
6732
6733
6734
6735
6736
6651
6737
6732
6738
6738
6739
6739
6740
6741
6653
6742
6743
6744
6745
6745
6746
6747
6744
6748
6661
6660
6749
6750
6750
6751
6752
6753
6667
6753
6754
6755
6756
6757
6758
6759
6760
6757
6761
6673
6762
6763
6763
6764
6765
6764
6766
6678
6767
6768
6768
6769
6767
6770
6682
6771
6772
6773
6774
6685
6775
6776
6777
6778
6693
6779
6780
6781
6691
6782
6783
6782
6784
6785
6786
6787
6788
6788
6789
6702
6790
6791
6792
6793
6787
6794
6795
6796
6783
6797
6798
6799
6800
6801
6802
6803
6804
6709
6804
6805
6806
6807
6803
6806
6718
6808
6715
6809
6810
6811
6807
6812
6813
6814
6815
6726
6816
6721
6817
6818
6817
6819
6819
6820
6821
6822
6822
6823
6824
6729
6825
6825
6826
6827
6828
6829
6829
6830
6831
6827
6832
6735
6833
6834
6834
6835
6835
6836
6837
6838
6833
6839
6742
6840
6841
6746
6842
6843
6844
6845
6846
6846
6847
6751
6848
6752
6849
6850
6851
6758
6852
6852
6853
6853
6854
6855
6856
6762
6857
6857
6858
6858
6859
6860
6861
6862
6770
6863
6863
6864
6865
6866
6775
6867
6868
6776
6869
6870
6871
6872
6873
6870
6874
6875
6876
6779
6877
6877
6878
6879
6872
6880
6881
6882
6883
6884
6799
6885
6786
6886
6887
6888
6889
6890
6891
6791
6892
6893
6797
6894
6794
6895
6896
6895
6897
6897
6898
6899
6900
6901
6902
6900
6903
6802
6904
6905
6906
6907
6905
6908
6909
6910
6809
6911
6912
6824
6913
6912
6914
6915
6916
6915
6917
6917
6918
6818
6919
6920
6921
6922
6821
6923
6924
6925
6926
6927
6928
6929
6828
6930
6931
6932
6933
6927
6934
6832
6935
6936
6937
6938
6939
6840
6940
6935
6941
6941
6942
6942
6943
6944
6842
6944
6945
6847
6946
6946
6947
6947
6948
6949
6950
6951
6952
6951
6953
6854
6954
6955
6956
6957
6859
6958
6958
6959
6960
6961
6962
6861
6963
6964
6964
6965
6966
6965
6967
6968
6969
6968
6970
6970
6971
6969
6972
6871
6973
6974
6975
6976
6874
6977
6978
6876
6979
6980
6981
6881
6982
6886
6983
6882
6984
6985
6986
6884
6987
6988
6987
6989
6990
6890
6991
6992
6993
6994
6995
6996
6995
6997
6898
6998
6998
6999
6999
7000
7001
7002
7003
7004
7005
6988
7006
7007
7008
7009
6989
7008
7010
7011
7011
7012
7013
7014
7015
7015
7016
7016
7017
7014
7018
6916
7019
6918
7020
7021
6914
7022
7023
6928
7024
7025
7026
7025
7027
7026
7028
7028
7029
6925
7030
7031
7031
7032
7033
7034
6931
7035
7035
7036
7037
6933
7038
7039
7039
7040
7041
7037
7042
6938
7043
7044
7044
7045
7046
7047
7048
7049
7043
7050
7051
6948
7052
7053
7054
7055
7056
6952
7057
7058
6954
7059
7060
6959
7061
7061
7062
7062
7063
7064
7065
6963
7066
7066
7067
7067
7068
7069
7070
7071
6972
7072
7072
7073
7074
7075
7076
6979
7077
7078
6980
7079
6975
7080
7081
6984
7082
7082
7083
7084
7085
7086
7087
6982
7088
7089
7088
7090
7091
7092
7093
7094
7095
7096
7097
7098
6991
7099
7100
7003
6994
6997
7101
7102
7103
7006
7104
7105
7106
7105
7106
7107
7108
7109
7110
7009
7010
7111
7112
7113
7114
7115
7116
7017
7116
7117
7118
7119
7120
7121
7122
7122
7123
7123
7124
7034
7125
7124
7126
7027
7127
7128
7129
7130
7131
7132
7133
7133
7134
7135
7136
7137
7040
7137
7138
7139
7038
7140
7141
7142
7143
7144
7042
7145
7146
7147
7148
7046
7149
7150
7051
7151
7145
7152
7152
7153
7153
7154
7052
7155
7056
7156
7156
7157
7157
7158
7159
7059
7160
7160
7161
7162
7063
7162
7163
7164
7165
7068
7166
7167
7168
7169
7170
7171
7070
7172
7173
7174
7175
7176
7175
7177
7076
7178
7179
7180
7181
7181
7182
7183
7184
7081
7185
7084
7186
7187
7188
7189
7190
7189
7191
7087
7192
7193
7194
7092
7195
7196
7197
7095
7198
7094
7097
7199
7200
7199
7201
7202
7203
7101
7203
7109
7204
7204
7205
7205
7108
7206
7201
7207
7208
7209
7209
7210
7210
7211
7211
7212
7213
7121
7214
7214
7215
7216
7217
7216
7218
7219
7220
7219
7138
7221
7130
7222
7222
7223
7224
7223
7225
7225
7226
7227
7135
7228
7229
7230
7231
7232
7233
7141
7234
7234
7235
7236
7143
7237
7238
7238
7239
7240
7236
7241
7148
7242
7243
7243
7244
7244
7245
7245
7246
7247
7248
7242
7249
7158
7246
7250
7251
7252
7253
7254
7255
7256
7168
7257
7257
7258
7258
7259
7167
7260
7261
7262
7172
7263
7263
7264
7264
7265
7266
7267
7268
7267
7269
7270
7184
7271
7271
7272
7179
7273
7274
7183
7275
7276
7192
7277
7278
7279
7193
7280
7281
7282
7281
7283
7198
7284
7285
7285
7286
7287
7197
7288
7288
7202
7289
7206
7290
7291
7208
7213
7218
7217
7233
7292
7293
7294
7295
7293
7296
7297
7298
7299
7228
7298
7300
7230
7301
7302
7303
7304
7239
7304
7305
7306
7237
7307
7308
7309
7310
7311
7241
7312
7313
7314
7315
7316
7317
7318
7312
7319
7319
7320
7320
7321
7253
7322
7322
7323
7323
7324
7256
7325
7325
7326
7259
7327
7328
7329
7265
7330
7330
7331
7331
7332
7333
7334
7335
7268
7336
7337
7338
7270
7339
7340
7341
7340
7342
7276
7343
7343
7344
7344
7345
7346
7346
7347
7279
7348
7349
7283
7350
7351
7352
7353
7354
7352
7287
7355
7356
7290
7357
7357
7358
7359
7360
7361
7362
7363
7364
7362
7365
7364
7366
7367
7368
7369
7301
7370
7371
7371
7372
7372
7373
7374
7359
7308
7375
7375
7376
7377
7310
7378
7379
7379
7380
7381
7377
7382
7383
7384
7383
7385
7385
7386
7386
7387
7324
7387
7388
7389
7384
7390
7391
7392
7393
7394
7395
7332
7396
7396
7397
7394
7397
7398
7399
7400
7336
7401
7401
7402
7402
7403
7404
7338
7405
7406
7405
7407
7408
7349
7409
7410
7411
7412
7413
7348
7414
7415
7355
7416
7417
7418
7419
7420
7353
7421
7420
7422
7423
7424
7425
7360
7426
7363
7427
7428
7426
7429
7368
7370
7430
7430
7431
7432
7433
7434
7435
7380
7435
7436
7378
7437
7438
7439
7440
7441
7442
7443
7442
7444
7445
7446
7447
7448
7449
7443
7450
7450
7451
7452
7453
7454
7455
7455
7456
7456
7457
7458
7458
7459
7460
7403
7461
7462
7463
7463
7464
7465
7466
7467
7406
7468
7469
7470
7408
7471
7472
7410
7473
7474
7472
7475
7476
7477
7477
7478
7478
7479
7476
7480
7480
7481
7418
7482
7483
7425
7422
7484
7485
7485
7486
7429
7486
7487
7432
7488
7489
7489
7490
7490
7491
7492
7438
7493
7493
7494
7495
7440
7496
7497
7497
7498
7499
7500
7495
7501
7446
7502
7503
7502
7504
7504
7505
7457
7506
7507
7453
7508
7503
7509
7510
7511
7512
7513
7514
7464
7515
7514
7515
7462
7516
7517
7518
7519
7468
7520
7520
7521
7521
7522
7523
7470
7524
7525
7524
7526
7527
7483
7528
7528
7529
7529
7530
7531
7532
7533
7534
7535
7536
7537
7538
7534
7539
7540
7538
7541
7541
7542
7543
7544
7545
7546
7498
7547
7548
7496
7549
7550
7551
7552
7553
7501
7554
7554
7555
7556
7557
7558
7559
7506
7560
7561
7555
7562
7562
7563
7564
7565
7563
7564
7566
7566
7567
7567
7568
7569
7570
7522
7571
7571
7572
7572
7573
7573
7574
7575
7576
7577
7525
7578
7579
7580
7527
7581
7582
7583
7584
7582
7585
7532
7586
7587
7587
7588
7589
7588
7590
7591
7592
7593
7540
7594
7595
7543
7596
7596
7597
7547
7598
7597
7599
7600
7550
7601
7601
7602
7603
7552
7604
7605
7605
7606
7607
7608
7603
7609
7558
7610
7611
7610
7612
7612
7613
7568
7613
7614
7615
7616
7611
7617
7618
7619
7620
7621
7574
7621
7622
7623
7624
7625
7578
7626
7626
7627
7627
7628
7629
7630
7631
7631
7632
7630
7633
7634
7595
7635
7635
7636
7636
7637
7591
7638
7639
7640
7590
7641
7642
7643
7593
7644
7641
7645
7646
7599
7647
7606
7648
7649
7604
7650
7651
7652
7653
7654
7609
7655
7655
7656
7657
7658
7659
7660
7661
7656
7662
7662
7663
7663
7664
7664
7665
7666
7666
7667
7668
7669
7670
7671
7671
7672
7672
7673
7673
7674
7675
7670
7676
7632
7677
7678
7679
7680
7634
7681
7682
7683
7684
7682
7685
7639
7686
7687
7687
7688
7689
7690
7691
7686
7692
7693
7646
7694
7695
7648
7696
7651
7697
7697
7698
7699
7653
7700
7701
7702
7703
7704
7705
7699
7706
7659
7707
7708
7707
7709
7668
7709
7710
7711
7712
7708
7713
7669
7714
7715
7716
7717
7718
7719
7677
7720
7720
7721
7721
7722
7723
7679
7724
7725
7725
7726
7724
7727
7728
7695
7729
7729
7730
7730
7731
7732
7733
7690
7734
7691
7735
7736
7737
7693
7738
7735
7739
7740
7702
7741
7742
7743
7744
7742
7745
7703
7746
7747
7748
7706
7749
7749
7750
7751
7752
7753
7754
7750
7755
7755
7756
7756
7757
7757
7758
7759
7760
7761
7759
7760
7722
7762
7762
7763
7763
7764
7765
7766
7767
7726
7768
7769
7770
7771
7772
7773
7772
7774
7775
7776
7774
7777
7733
7778
7779
7779
7780
7781
7780
7782
7782
7783
7778
7740
7784
7785
7744
7786
7787
7786
7788
7789
7746
7790
7791
7748
7792
7793
7794
7795
7796
7753
7797
7798
7761
7797
7799
7800
7801
7798
7802
7803
7804
7805
7806
7807
7768
7808
7809
7810
7811
7812
7813
7770
7814
7815
7815
7816
7817
7814
7818
7819
7785
7820
7820
7821
7821
7822
7823
7824
7825
7783
7826
7827
7828
7826
7829
7830
7831
7790
7832
7832
7833
7796
7834
7835
7792
7836
7837
7838
7839
7840
7838
7841
7842
7843
7844
7840
7845
7846
7847
7847
7848
7848
7849
7850
7850
7851
7851
7852
7812
7853
7853
7810
7854
7811
7855
7856
7857
7858
7816
7859
7860
7861
7862
7818
7863
7864
7863
7865
7866
7867
7868
7869
7870
7870
7871
7871
7872
7873
7874
7875
7875
7876
7830
7877
7878
7879
7880
7881
7880
7882
7879
7883
7836
7884
7839
7885
7886
7887
7888
7889
7890
7883
7890
7844
7891
7892
7846
7893
7894
7895
7896
7892
7897
7898
7891
7899
7859
7900
7901
7902
7900
7902
7901
7903
7903
7904
7905
7861
7906
7907
7907
7908
7909
7906
7910
7869
7911
7878
7912
7913
7914
7914
7915
7916
7874
7876
7917
7917
7918
7919
7920
7921
7884
7922
7922
7923
7924
7925
7926
7889
7925
7888
7927
7928
7929
7930
7931
7932
7928
7933
7933
7934
7934
7935
7935
7936
7936
7937
7938
7938
7939
7940
7941
7942
7943
7908
7944
7945
7946
7947
7910
7948
7949
7948
7950
7913
7951
7952
7953
7916
7954
7955
7956
7956
7957
7921
7958
7959
7959
7958
7960
7961
7927
7962
7963
7964
7965
7966
7960
7965
7932
7939
7967
7968
7969
7970
7971
7967
7972
7973
7974
7944
7975
7976
7977
7975
7977
7976
7978
7946
7979
7980
7981
7982
7983
7979
7984
7955
7985
7957
7986
7986
7987
7987
7988
7988
7989
7990
7991
7992
7993
7966
7994
7994
7995
7964
7996
7997
7998
7999
8000
8001
8002
8001
8003
8003
8004
8004
8005
8006
8007
8008
8000
8008
8009
8010
7981
8011
8012
7982
8013
8014
8015
7984
8016
8017
8016
8018
7990
8019
7992
8020
8020
8021
8022
7996
8023
8024
8002
8025
8021
8026
8026
8027
8028
8029
8030
8031
8032
8007
8033
8028
8034
8035
8011
8036
8036
8037
8038
8013
8039
8040
8041
8042
8040
8042
8043
8044
8045
8019
8046
8027
8047
8047
8048
8025
8049
8050
8051
8052
8050
8052
8051
8053
8053
8054
8054
8055
8056
8055
8056
8057
8041
8058
8044
8059
8060
8061
8062
8045
8063
8064
8065
8063
8049
8066
8067
8068
8069
8070
8071
8072
8073
8073
8074
8060
8075
8076
8077
8078
8076
8077
8079
8065
8080
8081
8067
8082
8083
8084
8082
8084
8083
8085
8085
8086
8086
8078
8080
8087
8088
8089
8081
8090
8091
8088
8092
8093
8093
8094
8091
8095
8095
8096
8097
8098
8097
8099
8099
)


// ************************************************************************* //
