/*--------------------------------*- C++ -*----------------------------------*\
| =========                 |                                                 |
| \\      /  F ield         | OpenFOAM: The Open Source CFD Toolbox           |
|  \\    /   O peration     | Version:  2112                                  |
|   \\  /    A nd           | Website:  www.openfoam.com                      |
|    \\/     M anipulation  |                                                 |
\*---------------------------------------------------------------------------*/
FoamFile
{
    version     2.0;
    format      ascii;
    arch        "LSB;label=32;scalar=64";
    class       volScalarField;
    location    "0.335";
    object      p;
}
// * * * * * * * * * * * * * * * * * * * * * * * * * * * * * * * * * * * * * //

dimensions      [0 2 -2 0 0 0 0];

internalField   nonuniform List<scalar> 
8100
(
0.0045810572
-0.0068094931
-0.0065909899
-0.014907549
-0.01565177
-0.0064885304
-0.018690545
-0.018417149
-0.022001382
0.0016716164
-0.02371956
-0.01280037
-0.028561061
-0.027992614
-0.026098423
-0.014424832
-0.03343958
-0.031848787
-0.02963023
-0.027122313
-0.030092819
-0.0064121794
-0.043648188
-0.038113385
-0.032267184
-0.027134869
-0.034242477
-0.013645246
-0.043522983
-0.048360113
-0.036541357
-0.030066005
-0.024434454
-0.04690964
-0.028067269
-0.0066346834
-0.049100199
-0.059691487
-0.038876546
-0.029078529
-0.02146378
-0.047845537
-0.037504311
-0.016551457
-0.055802316
-0.04415099
-0.066060759
-0.033031126
-0.023515527
-0.01562672
-0.057397867
-0.033843333
-0.0083176144
-0.059222145
-0.044976511
-0.072536754
-0.069940502
-0.03117051
-0.019079194
-0.0099155627
-0.056320239
-0.044929805
-0.020669234
-0.065300434
-0.050275508
-0.035579783
-0.076381598
-0.073103895
-0.02215496
-0.01101331
-0.0016966979
-0.066565711
-0.039235877
-0.010945581
-0.064988964
-0.048237168
-0.031677621
-0.080990427
-0.079749375
-0.016620373
-0.0037026545
0.0060092095
-0.065354986
-0.049507249
-0.023124855
-0.072340743
-0.054050236
-0.036012229
-0.019637515
-0.083513716
-0.087368805
-0.0057065018
0.0059999289
0.015806961
-0.075655271
-0.043402292
-0.011833308
-0.066712429
-0.04856013
-0.029571984
-0.012324598
-0.087075179
-0.089967669
-0.081151202
0.0026132226
0.015286772
0.024687856
-0.072809217
-0.05252433
-0.023826721
-0.054019857
-0.06968656
-0.034109969
-0.015170664
0.0010070577
-0.080717838
-0.084311522
-0.076687937
0.014372462
0.025696896
0.035214808
-0.07246874
-0.044339629
-0.012139004
-0.044606531
-0.061153478
-0.024729472
-0.0057841626
0.010600578
-0.079529033
-0.076148932
-0.081369602
-0.069768242
0.024431382
0.03598713
0.044451831
-0.05725126
-0.044546368
-0.017648318
-0.028816035
-0.047019308
-0.060068265
-0.0087424568
0.0092590803
0.024139059
-0.068608998
-0.067536304
-0.068218296
-0.062867451
0.036127615
0.04632225
0.054810938
-0.054363018
-0.034354079
-0.0095016421
-0.017261024
-0.036228696
-0.049530685
0.0024823448
0.02013833
0.034901191
-0.060859869
-0.055299578
-0.061740835
-0.050588462
0.046923903
0.056673652
0.063651146
-0.045211316
-0.031467638
-0.010541773
-0.00055822677
-0.020406275
-0.037500568
-0.046950312
0.01859735
0.034891469
0.047808652
-0.047658758
-0.044807439
-0.041522139
-0.044416491
0.057784424
0.06617271
0.07302249
-0.036692265
-0.022799885
-0.0060479128
0.011260942
-0.0083964356
-0.024922699
-0.033368575
0.030158239
0.046174753
0.058786685
-0.033517663
-0.024558247
-0.041682648
-0.02604858
-0.033922528
0.068413038
0.075753153
0.080825965
-0.025111732
-0.014906498
-0.0026569248
0.028021806
0.0080063242
-0.011813728
-0.026294361
-0.031127958
0.045863324
0.059939725
0.070353083
-0.017311139
-0.0065922883
-0.020785724
-0.0055878239
-0.023910871
0.077740606
0.083715731
0.088503903
-0.010585562
-0.0064838672
-0.0014229522
0.03925991
0.019616557
0.00055892003
-0.013404322
-0.021017299
0.056789389
0.070710848
0.08071368
-0.0019903717
0.011135922
-0.011838654
0.0044944764
-0.016633864
0.087387923
0.091802592
0.094628948
0.0015043819
0.0052181268
0.0052423229
0.055518451
0.035301932
0.013355598
-0.0051035407
-0.017427563
-0.017226132
0.071514971
0.082951652
0.090263105
0.014087445
0.028374993
-0.0029700026
0.010632925
-0.0088839198
0.094542932
0.097559291
0.099922453
0.01844085
0.0072589207
0.0041148066
0.066135568
0.045875447
0.023555942
0.0035414338
-0.0095911634
-0.01310806
0.081715241
0.092498808
0.099205481
0.03092211
0.039901033
0.0096199436
0.031476047
0.016947997
-0.0055669618
0.1024548
0.1034938
0.10386968
0.030655586
0.011384457
0.010866572
0.080068758
0.059789018
0.036670249
0.014482404
-0.0034857266
-0.011943406
-0.010336704
0.094262606
0.10246955
0.10618755
0.042177214
0.049770976
0.0083555453
0.039215376
0.025541139
-0.00039800858
0.10685121
0.10646106
0.10614079
0.02875762
0.042948587
0.018568732
0.0053239548
0.090078282
0.06905144
0.043507366
0.017597779
-0.0032832777
-0.012612886
-0.013515532
0.1038671
0.11082753
0.11311321
0.053060713
0.056551133
0.016785611
0.049068586
0.028355239
-0.0038393091
0.11234609
0.10980161
0.10753418
0.030979662
0.049607833
0.031375095
0.014595799
0.099979176
0.08161466
0.05787247
0.031255831
0.0070372141
-0.0089232145
-0.016701379
-0.01337953
0.11196775
0.11715063
0.1168361
0.062294172
0.064922222
0.013419183
0.050325309
0.036845639
0.00033924972
0.11363038
0.10985153
0.10655804
0.044740639
0.063209406
0.029004083
0.0059094123
0.1085076
0.087925338
0.060793315
0.030925544
0.0036653606
-0.015660525
-0.0249629
-0.022534705
0.12045009
0.12414427
0.12160644
0.070731541
0.065625205
0.018852796
0.056827987
0.033039924
-0.0090342302
0.11598495
0.11024457
0.10516923
0.046264215
0.06350945
0.036801735
0.017406821
0.11552436
0.100069
0.076213478
0.046357866
0.015789668
-0.0098815417
-0.026889562
-0.030004188
-0.022697503
0.12314717
0.12501863
0.1211171
0.070071062
0.069704053
0.010090921
0.053101493
0.039799616
-0.0057597226
0.1139131
0.10695602
0.10083277
0.054341383
0.071049298
0.031895532
0.0056187435
0.11966764
0.10164314
0.074657655
0.041791658
0.0087686556
-0.019369501
-0.038083374
-0.042790151
-0.035932271
0.12881282
0.13043926
0.12320628
0.071218823
0.066256568
0.015310912
0.057466215
0.031425463
-0.018806438
0.11339253
0.10403189
0.096439593
0.051837985
0.067938354
0.034976389
0.017239453
0.12407806
0.11203519
0.089453289
0.058151985
0.022864878
-0.010449707
-0.036188598
-0.049008018
-0.048044581
-0.035221341
0.12664369
0.1245872
0.11689336
0.076809909
0.067277765
0.0030637296
0.04938311
0.035857642
-0.014888428
0.10720281
0.097608603
0.088952711
0.058720361
0.061990689
0.02852366
0.005667916
0.12319412
0.10935733
0.08463944
0.050528869
0.013163642
-0.022627981
-0.049653143
-0.06291502
-0.062643623
-0.050047861
0.12744389
0.12510598
0.11591296
0.074810001
0.071191329
0.059362879
0.0077688814
0.051110302
0.024558948
-0.02915566
0.10348633
0.091473767
0.082171996
0.05372989
0.063637937
0.030877396
0.018379599
0.12427948
0.11615149
0.096744749
0.066445077
0.029120177
-0.0098414286
-0.042623808
-0.065333146
-0.072581045
-0.065093998
-0.047315495
0.12302506
0.11569825
0.1051202
0.065277147
0.068124458
0.05906262
-0.0057404751
0.040553178
0.027627471
-0.024236001
0.093606324
0.08238828
0.07205249
0.04612342
0.063101715
0.057049895
0.031379513
0.0051920682
0.1176758
0.10872659
0.088345916
0.056973528
0.018139246
-0.022250953
-0.056960789
-0.079780984
-0.086597937
-0.079307284
-0.061420178
0.11755318
0.11109102
0.10021296
0.064781594
0.060990716
0.048479577
-0.00096539826
0.041273401
0.015288829
-0.037834687
0.086651752
0.073376963
0.063239352
0.035421798
0.060602737
0.048660214
0.01802558
0.11409437
0.11029687
0.095981279
0.070216714
0.034320385
-0.007152151
-0.045873238
-0.076777536
-0.092139645
-0.091400435
-0.077764376
-0.05603814
0.10933536
0.098870297
0.086301992
0.063034176
0.059438972
0.048204469
-0.013966906
0.02906117
0.017711685
-0.031666066
0.073972121
0.062286362
0.05138744
0.031448392
0.060640477
0.053154515
0.040738658
0.01287478
0.10138098
0.097772206
0.084070583
0.058753163
0.022376622
-0.018397449
-0.058356838
-0.089613854
-0.10424994
-0.10309119
-0.089444803
-0.067541341
0.097437763
0.088371839
0.076974058
0.059079589
0.051144179
0.03685776
-0.0092831046
0.030234794
0.0050534731
-0.043187398
0.063974915
0.051149658
0.04136273
0.055565341
0.049078062
0.036566037
0.0096110396
0.026959789
0.092880971
0.093809172
0.085768075
0.067078067
0.036691474
-0.0023168013
-0.0436507
-0.080675532
-0.10418009
-0.11044567
-0.10211538
-0.083514348
-0.059995526
0.085651212
0.074385709
0.061770451
0.055360944
0.048746988
0.036152135
-0.020848013
0.017597091
0.007754251
-0.036346173
0.049979956
0.039173882
0.029018292
0.051490514
0.054619075
0.042715245
0.00026071439
0.025062417
0.074982494
0.076613431
0.070242946
0.053805815
0.024091664
-0.011905482
-0.053549037
-0.089074507
-0.11122546
-0.1173033
-0.10919152
-0.090941176
-0.06799417
0.068239512
0.058834445
0.048353128
0.050875313
0.041140642
0.026232056
-0.016503277
0.01866731
-0.0045363246
-0.04541836
0.037565945
0.026954359
0.018894347
0.048336933
0.051106334
0.039567421
0.015852306
0.032424033
0.062361334
0.067187264
0.066007663
0.05589255
0.034392581
0.0025659509
-0.036609675
-0.074668723
-0.10429264
-0.11821424
-0.11658248
-0.10285435
-0.082181538
-0.059713319
0.054205118
0.044145429
0.033588511
0.047860614
0.038985326
0.025331667
-0.026819599
0.0077006933
-0.0017538985
-0.0392548
0.02405302
0.015540494
0.0074971709
0.049333641
0.043730182
0.049124534
0.010320493
0.030546963
0.040584042
0.046496294
0.047602795
0.040376615
0.022323962
-0.0054746293
-0.044067688
-0.078212609
-0.10523398
-0.11802833
-0.11685312
-0.10428393
-0.085102278
-0.064555592
0.03286516
0.025011985
0.017479058
0.04313194
0.032009786
0.016775948
-0.02251698
0.0082867712
-0.012241458
-0.046151871
0.010391249
0.0035858602
-0.0015007618
0.047348258
0.041679465
0.047475671
0.016471534
0.025152062
0.036901325
0.025368918
0.032678918
0.03757177
0.036675945
0.025628984
0.0057813197
-0.026333097
-0.060445044
-0.092546944
-0.11208342
-0.11761981
-0.11052019
-0.09492527
-0.075811962
-0.057096026
0.018025646
0.011415921
0.004816496
0.042060253
0.031817946
0.017570201
-0.030940682
-0.00082695303
-0.010150189
-0.040622841
-0.00079955471
-0.0056894095
-0.01039382
0.044658997
0.047371104
0.044603223
0.0016671432
0.0099635944
0.017631819
0.020698935
0.014070167
-0.0016023039
-0.029644024
-0.059768422
-0.087209531
-0.10472049
-0.11043053
-0.10491466
-0.091669472
-0.075314335
-0.059519615
-0.0049263937
-0.0091058917
-0.012073213
0.036474743
0.024028688
0.008461353
-0.027535589
0.00097263865
-0.018591036
-0.045634116
-0.014040051
-0.01586327
-0.017034079
-0.013474059
-0.0060072352
0.0029233733
0.010553589
0.012465795
0.0042196382
-0.015995472
-0.041303561
-0.070504975
-0.092724081
-0.1043071
-0.10452795
-0.095801236
-0.082159124
-0.067277436
-0.053187293
-0.018251723
-0.020331349
-0.021037412
-0.033998875
-0.008382957
-0.015909587
-0.041275715
-0.021348875
-0.021544381
-0.021983694
-0.036410857
-0.028307337
-0.016953891
-0.0057081534
0.00085095759
-0.00079189001
-0.015162156
-0.037737974
-0.061008811
-0.079767952
-0.090687441
-0.092231576
-0.08615343
-0.075854198
-0.064583916
-0.053912068
-0.039931076
-0.039256275
-0.036218825
-0.030715599
-0.024198513
-0.044649189
-0.032282801
-0.028422918
-0.025229366
-0.049367163
-0.043563167
-0.032967781
-0.020174446
-0.0084613705
-0.0019290477
-0.00720352
-0.020742348
-0.043162337
-0.064187586
-0.078941914
-0.0854516
-0.08414829
-0.07737192
-0.06799981
-0.058060338
-0.04905158
-0.049739123
-0.045940427
-0.040298572
-0.036698765
-0.041125359
-0.034594792
-0.029464992
-0.025123775
-0.069482188
-0.063297444
-0.050516678
-0.033707828
-0.016419204
-0.0055525937
-0.0053355646
-0.016437712
-0.031276574
-0.047361744
-0.060650535
-0.067978826
-0.069081138
-0.065752139
-0.060360132
-0.054217503
-0.048615779
-0.068346048
-0.061420922
-0.051779431
-0.043707909
-0.041650482
-0.032105297
-0.02443134
-0.078723531
-0.076190112
-0.065407449
-0.048779414
-0.02971804
-0.013399497
-0.0037818144
-0.0038894731
-0.013258805
-0.030274209
-0.045566206
-0.056152208
-0.061402053
-0.061701268
-0.058925013
-0.05432025
-0.04945018
-0.045335881
-0.073116538
-0.062279581
-0.050119026
-0.038333673
-0.028176725
-0.019362612
-0.094198659
-0.091659702
-0.078978721
-0.059308493
-0.03619822
-0.01509602
0.00205113
0.0037876511
-0.001834087
-0.012173235
-0.024649667
-0.035307394
-0.042395088
-0.045827203
-0.046809735
-0.046138748
-0.045068491
-0.043926914
-0.086815007
-0.072656728
-0.05646345
-0.040369423
-0.025825732
-0.014298987
-0.097832397
-0.10080607
-0.09218338
-0.073910768
-0.049909372
-0.025751451
-0.0041365794
0.0069734011
0.011017328
0.0043576291
-0.0082688308
-0.020221865
-0.03015415
-0.036910567
-0.040597975
-0.041897151
-0.041884008
-0.042348814
-0.084890363
-0.066673392
-0.048436011
-0.031485489
-0.017052654
-0.004771267
-0.10705712
-0.11049606
-0.10025487
-0.078945974
-0.051154728
-0.02237934
0.0026239356
0.019170354
0.024260973
0.020894804
0.012587981
0.0011750446
-0.0096007765
-0.01850245
-0.025288261
-0.030140905
-0.033834548
-0.037083783
-0.092033652
-0.070735123
-0.048592291
-0.028002425
-0.0098061318
0.0042927117
-0.10298167
-0.113514
-0.10993393
-0.0928812
-0.065986011
-0.035019677
-0.0055436477
0.017074074
0.030227172
0.034555231
0.027664918
0.016557412
0.0048409987
-0.0061957312
-0.015236274
-0.021943071
-0.026853102
-0.031933449
-0.08237816
-0.057945422
-0.034737511
-0.014306626
0.0028685958
0.017398197
-0.10445059
-0.11568867
-0.11139785
-0.092095371
-0.061664255
-0.026693269
0.0051752641
0.031183738
0.046016511
0.050169592
0.047392526
0.037354891
0.025071073
0.012756344
0.0015684139
-0.0079932176
-0.015991841
-0.023301956
-0.081902026
-0.054980476
-0.028798157
-0.0055557142
0.014326846
0.029312371
-0.091911833
-0.11039957
-0.11447699
-0.10211013
-0.075814094
-0.041317014
-0.0063530717
0.025402587
0.047565275
0.059934568
0.060694941
0.051694205
0.039834744
0.026665292
0.014097718
0.0032026545
-0.0058897531
-0.015179571
-0.06495316
-0.036316786
-0.010325349
0.011346614
0.029492587
0.044773719
-0.085136479
-0.10435237
-0.10814317
-0.094524534
-0.065608605
-0.028624823
0.0081922663
0.041259722
0.064684699
0.07625003
0.077377638
0.071484693
0.05909905
0.045029992
0.031049555
0.018095918
0.0067394972
-0.0038899341
-0.05710911
-0.026731449
0.00095566193
0.024216204
0.043837835
0.058339054
-0.0655059
-0.090670158
-0.10338013
-0.098288886
-0.076123606
-0.042036859
-0.0045956414
0.031959213
0.061506275
0.08077082
0.089237258
0.084578686
0.072917457
0.059280407
0.044751651
0.031111891
0.01894065
0.0063534968
-0.034513638
-0.0040937075
0.021713224
0.042526799
0.060100401
0.074721971
-0.051969701
-0.077004165
-0.089308064
-0.084339022
-0.060844185
-0.026031079
0.012372001
0.04983494
0.079759098
0.098078991
0.10362987
0.10137824
0.090697389
0.076215854
0.060831783
0.045835587
0.032306157
0.019336784
-0.020283126
0.010426066
0.036424241
0.05789124
0.07578434
0.08868728
-0.027371936
-0.057315401
-0.076970211
-0.080685128
-0.066211902
-0.038040373
0.00041233848
0.038836674
0.072837016
0.097551937
0.11157364
0.11367054
0.10331844
0.089710388
0.074609439
0.059520174
0.045475111
0.030790504
0.0050122723
0.033908924
0.057460588
0.076066523
0.091821085
0.10465101
-0.0091720094
-0.039349082
-0.058889006
-0.062306232
-0.047497463
-0.019886542
0.017856715
0.056845349
0.090879382
0.11422703
0.12572481
0.12540824
0.11860263
0.10467606
0.088988264
0.073152203
0.058608452
0.044379637
0.022496585
0.050554454
0.07375039
0.092348524
0.10738272
0.11788609
0.016636748
-0.015227535
-0.040871332
-0.0532219
-0.048162075
-0.028254577
0.0069357645
0.04414643
0.08106182
0.10948474
0.12812025
0.1358728
0.1303173
0.11657285
0.10190945
0.086481874
0.07168293
0.056116493
0.047295625
0.073245658
0.093658041
0.10911531
0.12202795
0.13224235
0.035212474
0.0042744137
-0.021964774
-0.034205628
-0.028959631
-0.010040829
0.02279482
0.060142257
0.096151824
0.12405283
0.14066891
0.1445183
0.14013257
0.12881647
0.11382883
0.098235494
0.083721456
0.069325691
0.065019177
0.090333832
0.110056
0.12492385
0.1362111
0.14383117
0.060277936
0.02898494
-0.00080459826
-0.02140342
-0.027945639
-0.014619396
0.013022404
0.045781831
0.083565289
0.11575614
0.13820264
0.14942156
0.1508042
0.13917123
0.12495943
0.11029985
0.095765349
0.08048949
0.088564399
0.11105793
0.12764638
0.13920996
0.14845061
0.15560135
0.076892548
0.046175189
0.017751213
-0.0027337548
-0.011993114
-0.0019217127
0.024123907
0.056880472
0.093511814
0.12520467
0.14705453
0.15604207
0.15470889
0.14731975
0.13393624
0.11949291
0.10593547
0.092419027
0.10487974
0.12692931
0.14287141
0.15332773
0.1602402
0.16466849
0.10108728
0.069654033
0.037157499
0.01017329
-0.0066718935
-0.0029329708
0.013719155
0.041993938
0.078439382
0.11236333
0.13952129
0.15556838
0.1617065
0.15626739
0.14269799
0.12947907
0.11615789
0.10229248
0.1263981
0.1451011
0.15718304
0.164241
0.16919871
0.17297499
0.11528206
0.08381922
0.051097144
0.023271252
0.0067530466
0.0044991251
0.018714901
0.045400567
0.080827899
0.11487768
0.14229816
0.15812652
0.16113735
0.15756343
0.14786086
0.13548841
0.1237713
0.1121557
0.14055691
0.15879688
0.16985014
0.17556991
0.17771308
0.17895299
0.1351731
0.10408539
0.070039191
0.038308796
0.015532701
0.0053756087
0.011605395
0.031163905
0.062416787
0.097289526
0.12879957
0.15111396
0.16186474
0.1646618
0.15409383
0.14254088
0.13153151
0.12001355
0.15911654
0.17345039
0.18045739
0.18249609
0.18267403
0.18274482
0.14864356
0.11620277
0.078732905
0.042006476
0.015058433
0.0047487774
0.007678401
0.027452057
0.057349754
0.09237567
0.12460384
0.14800677
0.15818612
0.15922403
0.15400515
0.14499443
0.1360912
0.1270053
0.17204467
0.18498875
0.19008108
0.19011596
0.18752021
0.1850196
0.16273772
0.13377916
0.09836992
0.060513761
0.029146541
0.0097050922
0.0015134039
0.011902697
0.037428599
0.070380296
0.10499275
0.13392066
0.15230097
0.16045293
0.15748173
0.14853269
0.14060863
0.13220472
0.18272346
0.1938445
0.19597914
0.19291289
0.18833813
0.18411448
0.17223992
0.13987767
0.10092542
0.060164135
0.023949232
-0.0012631344
-0.010561436
-0.0011418463
0.024026992
0.058039683
0.093941907
0.12437285
0.14386134
0.15084344
0.15106517
0.14713294
0.14148294
0.13594607
0.1941345
0.20402375
0.20276435
0.19641406
0.1889648
0.1824831
0.18375818
0.15758475
0.1214606
0.080021816
0.03971428
0.0062933311
-0.013286754
-0.012593333
0.0028913241
0.033243099
0.069093384
0.10363444
0.13018273
0.14568175
0.15135142
0.14745183
0.14266901
0.13844489
0.19865614
0.20354373
0.20145614
0.19419517
0.18502614
0.17665018
0.18659913
0.15793726
0.11901684
0.074415322
0.031129755
-0.0053641958
-0.028251039
-0.030989369
-0.016090359
0.014565951
0.052358968
0.088732597
0.11717301
0.13275335
0.13928248
0.14099872
0.13974493
0.13825921
0.20428263
0.20980484
0.20574561
0.19417809
0.18113912
0.17066353
0.19602065
0.17374607
0.13916029
0.095723875
0.049528706
0.006809381
-0.025131368
-0.039904296
-0.033846395
-0.011032618
0.024035766
0.062488297
0.096478282
0.12059972
0.13432723
0.13779822
0.13712698
0.13745248
0.20564052
0.20372254
0.19634656
0.18525333
0.17235041
0.16001448
0.19142536
0.16739333
0.13119144
0.086103462
0.03875339
-0.0062675691
-0.040017991
-0.057022037
-0.053314237
-0.031255549
0.0041368563
0.044267899
0.079966842
0.10505369
0.11877564
0.12661997
0.1304068
0.13324301
0.20289895
0.20280314
0.19541836
0.1811149
0.16405507
0.15055616
0.19613911
0.17842441
0.14779832
0.1060427
0.058456894
0.010581471
-0.030140617
-0.058763328
-0.067093443
-0.054119375
-0.024435035
0.014585781
0.053951949
0.086115789
0.10802702
0.11949655
0.12405824
0.12882902
0.20012673
0.19290612
0.1806432
0.16609911
0.15066932
0.13557732
0.18344272
0.16605569
0.13556718
0.09379018
0.045410047
-0.004011894
-0.045939151
-0.075202908
-0.084181972
-0.072125945
-0.04316739
-0.0041504747
0.036264711
0.069156408
0.090755626
0.1046638
0.11391362
0.12077251
0.18820904
0.18338934
0.17235674
0.15669137
0.13800607
0.12291396
0.18041821
0.16960472
0.14629146
0.11043509
0.064675044
0.014983014
-0.03118741
-0.068887797
-0.089571626
-0.089609181
-0.068806198
-0.03348458
0.0073369069
0.045374301
0.074419457
0.093541917
0.10406136
0.11340911
0.1801727
0.16960708
0.15406803
0.13736359
0.12093093
0.10483779
0.16046877
0.15144221
0.12983397
0.095242064
0.05113312
0.0020461385
-0.045021735
-0.083491316
-0.1050881
-0.10454976
-0.083903609
-0.049229648
-0.0090340883
0.029205599
0.057305606
0.07686724
0.091110719
0.10200396
0.15936115
0.15060331
0.13774088
0.12222829
0.10468137
0.090287861
0.14993755
0.14687065
0.13298573
0.10646838
0.068090316
0.021228985
-0.026686621
-0.071270687
-0.10189903
-0.11356137
-0.10373926
-0.075274702
-0.036824751
0.0031299686
0.037136805
0.062268687
0.07846292
0.092058164
0.14459365
0.13320288
0.11737601
0.10132197
0.085994604
0.071218515
0.12300355
0.12265928
0.11205073
0.08888552
0.052931526
0.0099595015
-0.037377538
-0.081112455
-0.11292372
-0.12438777
-0.11395988
-0.086091084
-0.048751494
-0.010553104
0.022151997
0.045960659
0.064019634
0.078220052
0.11636913
0.10603372
0.094133046
0.081453348
0.067711306
0.056681172
0.10533705
0.10996632
0.10666946
0.092260738
0.064992212
0.026910817
-0.017763371
-0.063393771
-0.10180111
-0.12393727
-0.12542937
-0.10597994
-0.072777171
-0.034816591
0.00058051246
0.029231869
0.04969299
0.066599847
0.096563258
0.085887162
0.073837016
0.061745999
0.050288275
0.039539341
0.072674481
0.080499299
0.081536051
0.072352399
0.048724756
0.017058816
-0.02614679
-0.066776506
-0.10444104
-0.12737131
-0.12832447
-0.10974785
-0.078332412
-0.042736623
-0.010068483
0.015661796
0.035618325
0.051750021
0.062632171
0.053507093
0.045966595
0.039324813
0.032368167
0.027156478
0.050099512
0.060537598
0.067687062
0.06673057
0.053419261
0.029339756
-0.0069210054
-0.046684987
-0.086903038
-0.11674957
-0.12942164
-0.12090485
-0.095838536
-0.062749201
-0.029588163
-0.0010221702
0.021231432
0.039795408
0.040111327
0.032950745
0.028627056
0.024244936
0.019637776
0.015300072
0.013742403
0.027533353
0.040153042
0.045188664
0.038277507
0.020227156
-0.011004495
-0.044700804
-0.080486941
-0.10962282
-0.1216642
-0.11481592
-0.092711387
-0.063338177
-0.034435652
-0.0098385447
0.0096288548
0.025749077
0.0033935094
-0.0006917913
0.00055620159
0.0029650203
0.0051568631
0.0074666589
-0.010523666
0.0025265297
0.0179075
0.03047728
0.034047009
0.02598184
0.0038532145
-0.024450435
-0.059818812
-0.090595972
-0.1113996
-0.11517689
-0.10118424
-0.076466953
-0.049151003
-0.023890315
-0.0028785738
0.014995911
-0.017387635
-0.016340364
-0.010469847
-0.0044650958
-0.0002511398
0.0034672479
-0.045968458
-0.030383632
-0.010103009
0.0082922186
0.018819887
0.019309747
0.002646268
-0.018837949
-0.046794692
-0.074609656
-0.09406292
-0.098208171
-0.087872629
-0.068045748
-0.046399088
-0.026325823
-0.0099489266
0.0038490481
-0.051889846
-0.046383384
-0.033697934
-0.020211136
-0.0082697824
0.0012659105
-0.066932401
-0.055061117
-0.035616203
-0.014121143
0.0050153637
0.015810015
0.0104008
-0.002939659
-0.026104197
-0.052285888
-0.074669564
-0.087621495
-0.085914267
-0.072559501
-0.054383447
-0.035364009
-0.018474403
-0.0041092616
-0.066477145
-0.053215192
-0.034713448
-0.018148629
-0.0051110615
0.0056437764
-0.097213706
-0.08400578
-0.059992461
-0.031748662
-0.0061598055
0.0091866187
0.012434505
0.0015874494
-0.01075972
-0.03052194
-0.050243459
-0.062007878
-0.063217504
-0.055195054
-0.043210661
-0.030538204
-0.01948966
-0.010311879
-0.094049849
-0.075220071
-0.049577997
-0.025599913
-0.0053134668
0.0098653137
-0.11033016
-0.10426299
-0.083926295
-0.056422439
-0.02791088
-0.0038763225
0.013376424
0.015759622
0.0071243476
-0.010239083
-0.027640964
-0.043345826
-0.051567295
-0.050342808
-0.042874182
-0.032965865
-0.022664266
-0.014070344
-0.097276429
-0.069545563
-0.039138673
-0.014011531
0.0054236948
0.02101846
-0.12965092
-0.12400934
-0.10081286
-0.068913861
-0.034909789
-0.0054773001
0.019215771
0.024842596
0.023377997
0.01456438
0.00033692378
-0.013355803
-0.02253836
-0.025756767
-0.024375258
-0.02095068
-0.017247778
-0.013696987
-0.11286461
-0.079515691
-0.043154313
-0.012175146
0.013101228
0.031260434
-0.12964609
-0.13575895
-0.12009722
-0.090552498
-0.056083531
-0.023081676
0.0071815587
0.025655948
0.037331252
0.032976049
0.021957291
0.0091262815
-0.0036177431
-0.012450363
-0.016176818
-0.016127786
-0.014005817
-0.012542945
-0.10087833
-0.060609503
-0.022788317
0.0068185527
0.029254434
0.047283882
-0.13387565
-0.1414474
-0.1241993
-0.092083056
-0.054782869
-0.017558514
0.015601125
0.040723734
0.052130859
0.055660032
0.050081253
0.038930055
0.026660547
0.015826822
0.0076345408
0.001696746
-0.002491587
-0.0058273648
-0.10144212
-0.05757951
-0.016133505
0.017040301
0.042975888
0.061316915
-0.11702118
-0.13924933
-0.13500323
-0.10901635
-0.073033391
-0.034684399
0.0021799234
0.03432526
0.055679516
0.068873617
0.067243597
0.059459369
0.047468034
0.034001152
0.022222788
0.013092002
0.0069100712
0.00079223496
-0.075630518
-0.029246536
0.010169464
0.039342987
0.061801204
0.080117117
-0.10514575
-0.12855333
-0.12547298
-0.099885921
-0.062913826
-0.022591521
0.016696602
0.051159502
0.074559085
0.089377294
0.094124277
0.087682936
0.07586577
0.061671081
0.047497249
0.034222324
0.022950199
0.012952921
-0.062808214
-0.015541494
0.024309093
0.054637135
0.078905067
0.095996175
-0.076393383
-0.11104261
-0.1217514
-0.1074712
-0.076029781
-0.037242635
0.0026986551
0.041837398
0.073712864
0.097155586
0.10639529
0.10442286
0.095486771
0.081159135
0.065161828
0.050116466
0.037319789
0.024298038
-0.029533303
0.015723801
0.051253092
0.077450932
0.098440857
0.11549147
-0.054196289
-0.08833756
-0.10096599
-0.089837393
-0.059826843
-0.020404017
0.02156922
0.062361487
0.096956924
0.11847104
0.12984374
0.13134899
0.12168716
0.10687143
0.089749919
0.072061602
0.055856342
0.040595923
-0.0084536498
0.034392537
0.06869334
0.095266662
0.11661195
0.13165814
-0.020962268
-0.061482498
-0.084997845
-0.085358121
-0.064953593
-0.031162488
0.0090511434
0.050550351
0.089881678
0.12028424
0.14129471
0.14405422
0.13822513
0.12574681
0.10850875
0.090188744
0.073136963
0.055045771
0.024637323
0.063612156
0.094060811
0.11676641
0.13540217
0.15043153
0.0042287631
-0.035097215
-0.059552454
-0.062920903
-0.045380217
-0.011889903
0.029459555
0.073099432
0.11207714
0.14208567
0.160632
0.16756555
0.16221208
0.14861553
0.13086812
0.11119916
0.092369053
0.073715898
0.046508448
0.083202475
0.11250934
0.13500405
0.15304262
0.16582365
0.035758639
-0.0057119198
-0.036888234
-0.050280901
-0.042844403
-0.017946176
0.018334741
0.06087863
0.10237507
0.13884838
0.1656507
0.17962332
0.17543371
0.16512813
0.14896892
0.12970825
0.11053072
0.089648313
0.075985129
0.10932958
0.135121
0.15430264
0.17027116
0.18299756
0.057603843
0.018033205
-0.013354791
-0.028730124
-0.022900333
0.00088718432
0.037604153
0.081846329
0.12599117
0.16216983
0.18532778
0.19653533
0.19722068
0.18527273
0.16823981
0.14846583
0.12893975
0.10883016
0.095586515
0.1275685
0.15268
0.17157338
0.18641063
0.19696534
0.085917643
0.04671669
0.011300946
-0.011375226
-0.016062871
-0.0020392397
0.027678595
0.068333947
0.1127922
0.15364177
0.18499668
0.20543364
0.20893346
0.19873099
0.18438639
0.16585231
0.14635228
0.12476376
0.12156391
0.15052797
0.17251456
0.18851006
0.20162398
0.21192344
0.1024803
0.064814239
0.029629843
0.0059978413
0.00085778891
0.01433867
0.043789015
0.085410763
0.13188976
0.17513088
0.20417631
0.21874315
0.22272979
0.21580682
0.20015402
0.18151651
0.16275461
0.14295768
0.13759326
0.16646317
0.18832983
0.20411411
0.21574636
0.22392755
0.12844812
0.091087328
0.054183518
0.024333126
0.0091531271
0.011090378
0.034267978
0.070057402
0.11478026
0.1601748
0.19750062
0.22142758
0.23400915
0.22680263
0.21314788
0.19663995
0.17820529
0.15772286
0.16125284
0.18697445
0.20578227
0.21867262
0.22856344
0.23611637
0.14022184
0.10276862
0.066575777
0.039277383
0.022294902
0.022838498
0.043135066
0.07970608
0.12598367
0.17385945
0.21327804
0.23283895
0.23999376
0.23881494
0.225492
0.20866861
0.19170062
0.17373212
0.17350101
0.20009781
0.21957571
0.2322661
0.24034121
0.2456124
0.16522466
0.12797948
0.088523654
0.054625131
0.028310423
0.022541898
0.033906875
0.062417341
0.10456514
0.15254189
0.19714681
0.22885997
0.24519016
0.24975902
0.23517676
0.22062719
0.2043441
0.18642348
0.1959432
0.21935879
0.2349251
0.24421908
0.25014893
0.25423122
0.17358429
0.13539394
0.096456621
0.061722212
0.035621494
0.02771993
0.03584652
0.063628148
0.10577474
0.15571931
0.20352187
0.23616223
0.24492446
0.25178079
0.24318887
0.22860679
0.2142103
0.19933053
0.20553889
0.23007888
0.24617979
0.25539663
0.25905447
0.26076749
0.1952889
0.15644483
0.11496224
0.075825188
0.044018462
0.028745049
0.028905102
0.047935848
0.08248759
0.12884976
0.1784999
0.22048513
0.2452533
0.26127175
0.25077366
0.23657786
0.22332436
0.20914134
0.22697851
0.2478864
0.2597154
0.26422201
0.26476985
0.26493288
0.20385201
0.16408606
0.11969945
0.0765025
0.042019035
0.022370776
0.021851223
0.038541982
0.072437905
0.12012458
0.17323249
0.21966229
0.24355587
0.25211562
0.25012653
0.24031988
0.22887646
0.21805554
0.23603394
0.25736962
0.26890563
0.27239054
0.26972973
0.2677791
0.22093243
0.18263637
0.13868167
0.092962409
0.055786042
0.030164224
0.016617946
0.022040104
0.046105424
0.087663383
0.13953835
0.19140466
0.23001661
0.25060904
0.25573055
0.24373286
0.23382791
0.2244931
0.25080632
0.27154619
0.27911034
0.27759938
0.2713261
0.26653582
0.22714062
0.18409466
0.13619349
0.088516304
0.047063346
0.016720922
-0.0011949469
0.00084475522
0.024632456
0.068206969
0.12310801
0.179411
0.22147261
0.23759488
0.24414415
0.24178662
0.23480389
0.22857642
0.26036559
0.28228385
0.28764306
0.28109871
0.27260914
0.26466461
0.24289194
0.20424408
0.15688369
0.1094458
0.062593356
0.024583214
-0.0021085985
-0.010772031
0.00082141708
0.032457366
0.082812391
0.14047301
0.19275307
0.22765686
0.2431143
0.24193385
0.23533089
0.23109917
0.26945709
0.28904224
0.28903548
0.27969259
0.26777196
0.25714108
0.24315501
0.20056315
0.15031558
0.099598673
0.050522922
0.0090949069
-0.021999782
-0.036379704
-0.028783164
0.003154581
0.056316039
0.11884789
0.17528817
0.20957018
0.22433165
0.23104866
0.23066043
0.22979742
0.27202827
0.30195058
0.29538617
0.2803189
0.26327307
0.24980576
0.25781576
0.22176659
0.1732588
0.12045756
0.069582154
0.023296993
-0.015126522
-0.04096727
-0.047916872
-0.029796271
0.012460338
0.072896239
0.13537696
0.18557096
0.21485479
0.22657354
0.22593896
0.22771264
0.27283048
0.29241638
0.28383365
0.26919876
0.2518382
0.2360617
0.2542267
0.21414026
0.16262422
0.10882616
0.055851562
0.0068860649
-0.035089185
-0.06559849
-0.078082954
-0.06229723
-0.018818031
0.044567722
0.11171153
0.16438559
0.19139182
0.20760044
0.21531362
0.22056619
0.27711582
0.29058701
0.28329401
0.26465496
0.24133444
0.22408246
0.26507246
0.23404624
0.18745445
0.13369498
0.077866088
0.025436495
-0.021173947
-0.060561856
-0.086564024
-0.088770918
-0.059832589
-0.0039485529
0.065074881
0.12797148
0.17216305
0.19661486
0.20536214
0.21338708
0.27975915
0.27747312
0.26302309
0.24430599
0.2238904
0.20515513
0.25465767
0.22060158
0.17275396
0.11884351
0.064116941
0.011650814
-0.037854494
-0.081759365
-0.11233067
-0.11806012
-0.088875449
-0.031714953
0.038473472
0.10408493
0.14598279
0.17235745
0.18902406
0.20050108
0.27090029
0.2689258
0.25414308
0.23269261
0.20764489
0.18930977
0.25608579
0.23459592
0.19520766
0.1435563
0.087468411
0.032584261
-0.019710927
-0.068057192
-0.108079
-0.12992091
-0.12061139
-0.075464311
-0.0081375004
0.061563114
0.11754728
0.1541545
0.17388886
0.18910972
0.2592542
0.24701953
0.22733455
0.2065282
0.18633824
0.1677568
0.22920754
0.20881775
0.17161752
0.12394895
0.073130266
0.021792674
-0.029545772
-0.07989496
-0.12387312
-0.14959298
-0.140342
-0.095084091
-0.027964066
0.040474562
0.093901967
0.12896166
0.15338461
0.17119205
0.23445081
0.22630308
0.20828014
0.1875224
0.16598592
0.15033942
0.2151911
0.20580551
0.18182148
0.14291771
0.093786824
0.042142683
-0.0094763475
-0.060408098
-0.10839694
-0.14478307
-0.15417392
-0.12650443
-0.068268779
8.5729671e-05
0.059979542
0.10502693
0.13425952
0.15611327
0.21218231
0.19796494
0.17860124
0.16089243
0.14470123
0.12971932
0.16902555
0.16308238
0.1472544
0.11643288
0.075878704
0.032837881
-0.012800297
-0.060678825
-0.10878816
-0.14641804
-0.1570062
-0.12993682
-0.074875894
-0.011282961
0.043939858
0.083401333
0.11266
0.13503546
0.16761074
0.1613497
0.15038197
0.13652697
0.1232468
0.11363207
0.14074334
0.14200907
0.13585427
0.12029404
0.089855827
0.050317589
0.0068319697
-0.038557211
-0.084920166
-0.12661802
-0.15084436
-0.14260439
-0.10187473
-0.044017621
0.012516062
0.057860149
0.091633423
0.11817483
0.13854793
0.13449145
0.12490225
0.1151544
0.10626932
0.097696925
0.080038573
0.083092947
0.086287709
0.086466709
0.066037631
0.03976668
0.0066278326
-0.031324962
-0.072840535
-0.11116206
-0.13325038
-0.12603565
-0.09090425
-0.041397606
0.0061618545
0.043896448
0.07330224
0.096985959
0.082352817
0.088389731
0.092136297
0.090004917
0.087524188
0.08564741
0.047948993
0.047789659
0.057435951
0.066317655
0.062245585
0.048395791
0.022244901
-0.010908867
-0.047228957
-0.083187594
-0.11165486
-0.11955904
-0.10001354
-0.060932009
-0.016888434
0.022020715
0.053890781
0.080913881
0.057735259
0.069925897
0.076230328
0.077861182
0.07810356
0.077335777
-0.015261213
-0.018794038
-0.0028785831
0.022760769
0.038517348
0.040379217
0.022926006
0.00094891302
-0.027598073
-0.057925252
-0.081526658
-0.088104739
-0.073245197
-0.043706268
-0.01056746
0.018357032
0.042702793
0.06342511
0.0034244303
0.027356059
0.046334831
0.057734839
0.065658415
0.07131682
-0.037995628
-0.053787339
-0.04452871
-0.015149225
0.018348488
0.034436329
0.032574661
0.01628124
-0.0058748228
-0.030077056
-0.053495627
-0.068418471
-0.066261471
-0.048313895
-0.022256376
0.0042105686
0.029014447
0.050760307
-0.0083387927
0.021635148
0.04300071
0.055729468
0.064875872
0.071444188
-0.09347813
-0.11607788
-0.10407339
-0.060484708
-0.010308794
0.022573833
0.033175526
0.030171543
0.016156926
-0.0012535734
-0.020007504
-0.031408478
-0.031188351
-0.020728489
-0.0052028102
0.011097626
0.026809177
0.040474496
-0.052271256
-0.0094920917
0.022821395
0.043770044
0.06036589
0.071696542
-0.095131568
-0.13360182
-0.14006125
-0.10670765
-0.053229499
-0.006107028
0.027165189
0.038887572
0.031713286
0.020880893
0.0069403545
-0.0064067849
-0.013749019
-0.013218739
-0.0050519253
0.006872436
0.020866596
0.033708296
-0.04517928
0.00010999251
0.031973149
0.051924299
0.066980728
0.078460739
-0.13022334
-0.17529731
-0.18276311
-0.14030908
-0.071296257
-0.012855766
0.028322442
0.04708107
0.055038545
0.049918835
0.039808531
0.029252867
0.021551874
0.017735829
0.019149097
0.022215294
0.026880663
0.032640282
-0.070752891
-0.016369905
0.022707935
0.049848801
0.07031646
0.084577043
-0.10982775
-0.16781509
-0.19674483
-0.17608239
-0.11616198
-0.048641321
0.0053929158
0.042614668
0.062928562
0.064750587
0.061122228
0.052532733
0.042080859
0.033093839
0.02856757
0.027320689
0.029486529
0.032443218
-0.047343516
0.0048786027
0.040143415
0.064479203
0.081980678
0.095981486
-0.11999393
-0.17898634
-0.20394936
-0.17763006
-0.11447578
-0.042278628
0.019909336
0.054441385
0.081424809
0.09175538
0.090669607
0.083322307
0.073387934
0.063051553
0.054636905
0.047085872
0.041920846
0.039110076
-0.053778556
0.0021769365
0.041853607
0.070081963
0.091204429
0.10610258
-0.0853034
-0.15126576
-0.19716163
-0.19381712
-0.14186995
-0.071364078
-0.0023576082
0.042776539
0.082791607
0.099202683
0.10329966
0.10188867
0.093219938
0.080943499
0.069112035
0.058568127
0.051654982
0.045366765
-0.020999328
0.029283733
0.064135653
0.08770893
0.10561832
0.12032561
-0.076239185
-0.13767493
-0.17543814
-0.16784715
-0.11969199
-0.054060221
0.011213731
0.061737748
0.098990788
0.122048
0.13084884
0.12902714
0.12026836
0.10783472
0.094155225
0.080044957
0.067871464
0.057689602
-0.01326281
0.03696356
0.072713275
0.098139605
0.11837335
0.13259898
-0.036231481
-0.10027443
-0.15130366
-0.16463214
-0.13221582
-0.073784011
-0.0094378614
0.047310408
0.094561701
0.12553484
0.13832815
0.14131426
0.13718141
0.12565974
0.11106076
0.095383378
0.082241534
0.068913083
0.021353097
0.064457463
0.095410964
0.11669386
0.13370955
0.14793651
-0.017057975
-0.074787632
-0.11716195
-0.12735857
-0.099276683
-0.047550954
0.012443205
0.066487473
0.11165915
0.14066599
0.16160111
0.16598245
0.16038572
0.14865563
0.13353299
0.11631777
0.1000689
0.084937929
0.035993247
0.077088374
0.10824345
0.13014234
0.14804157
0.1609853
-0.036757499
0.020272746
-0.086497721
-0.11131308
-0.09915115
-0.057379609
-0.0027156153
0.052789124
0.1026363
0.14213392
0.16591931
0.17331666
0.17285407
0.16486887
0.15045515
0.13315082
0.11668637
0.098993241
0.067637844
0.10296276
0.12885977
0.14749779
0.16296467
0.1761039
-0.0098536192
0.040630498
-0.053082603
-0.074305872
-0.064672881
-0.028617275
0.021428419
0.074659614
0.12247896
0.15975935
0.18144819
0.19688422
0.19447098
0.18444648
0.16998888
0.15229299
0.13451883
0.11679076
0.083586035
0.11725344
0.14307372
0.16191944
0.17746268
0.18912483
-0.022608877
0.024777869
0.072150715
-0.053363504
-0.056573538
-0.032016459
0.011915841
0.062334989
0.11194239
0.15395369
0.18872095
0.20262348
0.20260876
0.19788727
0.18575038
0.16890027
0.15143899
0.13192099
0.11095763
0.13933844
0.16094895
0.17715158
0.19115921
0.20334479
0.0030097357
0.045348013
0.088974518
-0.024808868
-0.027574339
-0.0044940379
0.03644617
0.084863755
0.13368599
0.17353615
0.20236809
0.21875648
0.22354228
0.21566419
0.20250846
0.18584698
0.16826051
0.14976071
0.12517382
0.15256901
0.17444307
0.19112599
0.20515351
0.21600829
-0.0042631344
0.031063782
0.074911152
0.11563062
-0.018109834
-0.0050687133
0.028505965
0.073399614
0.12222121
0.16632466
0.20143978
0.22875135
0.22986629
0.22505078
0.21637006
0.20132256
0.18426075
0.16471454
0.14768114
0.17179571
0.19054705
0.20506573
0.21764501
0.22916214
0.015042269
0.046979424
0.087906355
0.1271082
0.0039360768
0.018125683
0.052228294
0.096926806
0.14524581
0.18920402
0.22042563
0.2383431
0.24896268
0.24337486
0.23110803
0.21600707
0.19957916
0.1816152
0.15801629
0.18214213
0.2018306
0.21752305
0.23071758
0.241336
0.033263133
0.012490795
0.071907756
0.11429958
0.15166104
0.015854232
0.042138942
0.083995592
0.13216248
0.17881837
0.21660835
0.24321861
0.25707653
0.25025248
0.24223378
0.22994065
0.2140195
0.19560209
0.17960183
0.20162591
0.21807152
0.23101718
0.24270119
0.25364192
0.046544675
0.028897953
0.082215131
0.12210283
0.15836012
0.035113031
0.063563857
0.10787218
0.15679946
0.20274816
0.23860658
0.25933617
0.26575856
0.26797091
0.25622722
0.24239575
0.22754221
0.21095658
0.18666941
0.21077037
0.22764044
0.24219283
0.2548286
0.26525718
0.063874876
0.0353809
0.029982356
0.10687636
0.14875985
0.18475251
0.04903843
0.08912241
0.13988107
0.18936753
0.23045416
0.25935883
0.27769752
0.27525464
0.26387411
0.25431708
0.24019869
0.22354203
0.2112551
0.23134493
0.24491944
0.25611734
0.26682777
0.27692446
0.069939707
0.04511091
0.046071522
0.1098111
0.15157944
0.18675118
0.070240836
0.11382967
0.16572134
0.21344086
0.25225169
0.27537738
0.28331848
0.28780875
0.27820911
0.26484187
0.25164378
0.23695599
0.21563304
0.23901963
0.25372754
0.26677049
0.27835074
0.28782296
0.048805825
0.082614309
0.036763288
0.052798966
0.13110077
0.17566473
0.21599645
0.091133944
0.14267822
0.19583793
0.24110808
0.27153768
0.28890629
0.2987146
0.28456414
0.27404104
0.26239851
0.24784541
0.24179464
0.26127361
0.27200529
0.28122059
0.29016634
0.29861078
0.041471429
0.073948345
0.034537439
0.059183847
0.12207536
0.17130949
0.21763173
0.1043766
0.16087725
0.21600117
0.25926344
0.28723251
0.29565588
0.29919627
0.29640531
0.28299007
0.27127015
0.25892775
0.24848197
0.26734959
0.28017392
0.29185559
0.30111914
0.30827817
0.022728746
0.042059402
0.083891653
0.034929811
0.073932343
0.12998187
0.18900227
0.23643051
0.12964307
0.19153459
0.24343707
0.27951955
0.29774485
0.30811248
0.30328911
0.28890634
0.27966917
0.26781354
0.27267993
0.29132461
0.29982819
0.30583393
0.31162678
0.31722746
-0.0049022176
0.00070921296
0.049003046
0.011994584
0.061237297
0.1120185
0.18741583
0.2473488
0.12805057
0.19595131
0.25058158
0.2876264
0.30222695
0.29962831
0.3092752
0.29599655
0.28574386
0.276003
0.28245633
0.30354638
0.30887196
0.31557912
0.32102127
0.32460811
-0.020496549
-0.02777121
0.0070953713
0.067598136
0.017664392
0.086337293
0.14134223
0.20031301
0.24628162
0.15981889
0.22483691
0.27268515
0.29839255
0.30815744
0.32110212
0.2998285
0.29131895
0.28266322
0.29168448
0.31969592
0.32575036
0.32760092
0.32808124
0.32958261
-0.070734172
-0.087902606
-0.04930313
0.031844788
-0.013913867
0.06214667
0.1201045
0.19913415
0.26004877
0.14409596
0.21579667
0.26743368
0.29576682
0.30238257
0.30807383
0.3017096
0.29359664
0.28712604
0.31344414
0.33629898
0.33670196
0.33594298
0.33422789
0.33316281
-0.068861373
-0.10829275
-0.09302836
-0.0221922
0.067082168
0.0032098506
0.092418045
0.15123652
0.22001407
0.28453081
0.17534487
0.24083537
0.28223489
0.30073726
0.31063633
0.30322177
0.29516048
0.29074435
0.30616022
0.33628983
0.34550079
0.34245996
0.33698842
0.33304592
-0.12353098
-0.17297377
-0.15556593
-0.06258949
0.046980278
-0.036357135
0.061869308
0.14600585
0.22509629
0.29149887
0.14957333
0.22162917
0.26797144
0.28532226
0.29353091
0.29671889
0.29281649
0.2906794
0.32872476
0.35379925
0.35792393
0.34715623
0.33838524
0.33222492
-0.17551921
-0.09975417
-0.18846695
-0.12751082
-0.018441139
0.092002915
-0.00080323004
0.095774502
0.18488975
0.25153588
0.29557563
0.18042057
0.24182073
0.27554309
0.2910949
0.29481148
0.28980535
0.2902602
0.33150133
0.34426117
0.35124563
0.34566047
0.33532638
0.3263814
-0.21716949
-0.14160381
-0.22296944
-0.1430831
-0.025176035
0.085038622
-0.038199581
0.066205973
0.17533805
0.24449487
0.29807243
0.15268244
0.21803087
0.25381963
0.26863318
0.27897605
0.28208346
0.28510611
0.34730519
0.35861515
0.35673552
0.3456526
0.33110566
0.32035392
-0.23998423
-0.19578218
-0.10044181
-0.19864288
-0.093948834
0.022887813
0.12686498
0.0060355196
0.10182573
0.21293534
0.28356138
0.3210166
0.18027505
0.2320671
0.25910338
0.2725025
0.27433571
0.27999451
0.33529601
0.34840156
0.34461871
0.33617517
0.3223913
0.30891415
-0.23167497
-0.20045142
-0.11669672
-0.18307798
-0.081664694
0.023832076
0.11975413
-0.016431525
0.078565569
0.2000641
0.26757137
0.31081408
0.1554465
0.20752311
0.23337131
0.25040659
0.26141818
0.26963509
0.33702552
0.34992009
0.34362344
0.32997219
0.31261115
0.29856891
-0.2068312
-0.22001775
-0.16231934
-0.069751098
-0.12921705
-0.027363473
0.070810801
0.15898422
0.027452192
0.11177191
0.23631404
0.30471279
0.31944282
0.17748846
0.2160704
0.23807145
0.24919758
0.26051838
0.32885421
0.33257281
0.32714074
0.31487154
0.29904098
0.28203308
-0.16613873
-0.18226921
-0.14168398
-0.065941826
-0.098659222
-0.01600697
0.067628501
0.14581001
0.019534564
0.096440189
0.21833772
0.27478375
0.31455324
0.15667918
0.19125881
0.21445868
0.23228341
0.24584526
0.32458667
0.32314249
0.31742453
0.30285184
0.28409895
0.26755447
-0.16168063
-0.11798283
-0.15450533
-0.098825145
-0.020793354
-0.04561851
0.032789986
0.10972735
0.18193219
0.059713366
0.12382994
0.23985888
0.27217427
0.29953497
0.31478517
0.16905194
0.19768019
0.2164838
0.23315696
0.31236382
0.30629419
0.29944976
0.2843044
0.26624537
0.2465065
-0.10703206
-0.078465884
-0.10398622
-0.066281196
-0.0067282491
-0.026140144
0.033443583
0.097798667
0.16373203
0.057895686
0.11393567
0.22029488
0.25869897
0.27719271
0.2980862
0.15084617
0.17693862
0.19859981
0.21598555
0.29855192
0.2894802
0.28175872
0.26673898
0.24702666
0.22873146
-0.069978874
-0.088485616
-0.033610857
-0.072924801
-0.027308133
0.029886056
0.016358764
0.072250078
0.13364252
0.18827228
0.085543404
0.12812609
0.23077357
0.25576133
0.27691419
0.28550537
0.15807322
0.18143618
0.20136382
0.28456236
0.27284323
0.26328481
0.24577914
0.22569708
0.20439005
-0.029751862
-0.038210281
-0.0099774439
-0.025658372
0.0050387088
0.047107134
0.021575633
0.065979488
0.11761202
0.16610005
0.084913426
0.11861505
0.20587498
0.23186508
0.25186904
0.26444256
0.14412554
0.16590425
0.18428642
0.26106902
0.24882895
0.24031305
0.22399245
0.20316246
0.18463564
-0.013611031
0.0007867225
-0.013541947
0.02113804
0.0014264434
0.03277026
0.065433623
0.054250794
0.095514454
0.1381926
0.17595335
0.098860927
0.12727379
0.20402601
0.22316514
0.23845007
0.24729118
0.15001594
0.17001525
0.24661922
0.233811
0.22093543
0.20088423
0.18003918
0.15962087
0.019469429
0.019296372
0.024513336
0.028193731
0.034865113
0.055446172
0.079855806
0.050359595
0.081417079
0.11452244
0.14524918
0.099764135
0.12113421
0.16827151
0.18848929
0.20886689
0.22400161
0.13937226
0.15571681
0.21914869
0.20697947
0.19529353
0.17653348
0.15602427
0.13978164
0.037649113
0.037139408
0.039148037
0.040912648
0.050562642
0.051013128
0.067787466
0.086273633
0.070839605
0.095042292
0.11782181
0.13729805
0.10862874
0.12713975
0.15540298
0.17405527
0.19430067
0.21018979
0.1438463
0.20892243
0.192118
0.17368049
0.15279337
0.13417411
0.11745382
0.055866057
0.049085749
0.046345335
0.063314589
0.050707276
0.072405027
0.083304645
0.096142936
0.06053377
0.070391492
0.082872965
0.095179342
0.10931831
0.121986
0.11221922
0.13523477
0.16710658
0.18513784
0.13407607
0.17643639
0.16649291
0.14871384
0.12824241
0.11137584
0.099541253
0.063024883
0.068300854
0.058268419
0.057423175
0.072211757
0.061271951
0.0771421
0.087892097
0.10169687
0.064050942
0.064260672
0.068024705
0.077666463
0.11443692
0.12598146
0.093700505
0.12308863
0.15786658
0.17909365
0.17029749
0.14905684
0.12622466
0.10765978
0.093795458
0.08247036
0.070011549
0.076194443
0.065201183
0.059052831
0.082286593
0.052281694
0.088555795
0.096803841
0.10532401
0.039424925
0.02785398
0.018839601
0.026874444
0.11290301
0.12064067
0.050111954
0.096226656
0.1359657
0.15429985
0.14589155
0.12542923
0.10383122
0.085959775
0.075126153
0.06881633
0.071906609
0.076268329
0.081074503
0.067903456
0.061843793
0.084714531
0.046318844
0.092122835
0.1006502
0.10918079
0.022452682
0.0016754993
-0.0079419158
0.0021702705
0.11619589
0.040691137
0.095943731
0.14150596
0.15231508
0.13151271
0.10596941
0.084733236
0.071167089
0.063530195
0.05859401
0.078304789
0.080968675
0.086184104
0.071633395
0.055690158
0.089820843
0.026589379
0.096585629
0.10375705
0.108994
-0.011579404
-0.049838445
-0.062741
-0.044903037
0.11356277
0.0088317495
0.073711568
0.12414132
0.12936884
0.11311066
0.087535973
0.066967141
0.054472893
0.050670376
0.049782231
0.078330169
0.080161171
0.081936657
0.085481957
0.070050459
0.044447148
0.091464937
0.0044892089
0.10002915
0.10715649
0.11174155
-0.052140981
-0.089695972
-0.095200367
-0.053729218
0.022091275
0.096582497
0.13327896
0.12264246
0.095353914
0.071195669
0.054262533
0.04659286
0.045893058
0.04707473
0.086153236
0.087517866
0.086875825
0.089383586
0.069279785
0.03247505
0.095087596
-0.027318111
0.10232733
0.10697348
0.11019878
-0.098472654
-0.14422855
-0.14158536
-0.084318358
0.0016875769
0.085673441
0.11669925
0.10849549
0.081216324
0.057400516
0.042178746
0.036296942
0.039350367
0.043624507
0.083787825
0.088370711
0.085673803
0.08501261
0.089638127
0.059343473
-0.0021300663
0.098471678
-0.079595158
0.10587503
0.11017791
-0.15461195
-0.18473745
-0.14821991
-0.054678581
0.043585039
0.11069709
0.11422482
0.092809869
0.066531851
0.046909519
0.036233034
0.03527433
0.04144921
0.048373665
0.091313574
0.10174103
0.096816169
0.094027605
0.09580423
0.055094433
-0.018196152
0.101447
-0.11495299
0.10629336
0.10915154
-0.19852859
-0.21946516
-0.1659946
-0.064027074
0.043637297
0.10449472
0.10643236
0.08440366
0.055745086
0.039088796
0.030430983
0.031661883
0.041127975
0.049049211
0.084536639
0.10256491
0.10066974
0.094086222
0.093048288
0.098397584
0.026734108
-0.074111366
0.10609466
-0.17940661
0.11073175
-0.24889539
-0.2175685
-0.12194209
-0.0055078553
0.083379176
0.11009221
0.09627055
0.068574895
0.047291258
0.034227412
0.031104163
0.037284304
0.049764488
0.06027184
0.092565215
0.12167123
0.11953186
0.11172523
0.10680744
0.10687311
0.024269251
-0.092197035
0.10977225
-0.20204716
0.11150314
-0.26822183
-0.20171914
-0.11198727
0.0044838347
0.085508926
0.10385693
0.087684718
0.063618197
0.041348689
0.030652772
0.03053247
0.039563093
0.054501867
0.063948603
0.073561735
0.12117282
0.12598769
0.11981945
0.1108968
0.10872233
0.11242115
-0.029098212
-0.15165035
0.11525541
-0.25329109
-0.28438412
-0.15870683
-0.044850493
0.053528797
0.098269853
0.096711832
0.071809253
0.057330957
0.037681242
0.031539838
0.037140441
0.050704922
0.068467617
0.079619957
0.077224818
0.14419134
0.15549234
0.14619693
0.13339789
0.12544356
0.12278211
-0.020665629
-0.14914223
0.12083661
-0.2329973
-0.23653943
-0.12955303
-0.022057494
0.064708449
0.095499178
0.089923037
0.070248698
0.04535603
0.033364743
0.031149114
0.040231869
0.057117322
0.07508009
0.085044238
0.046498036
0.13356009
0.16463907
0.16015655
0.14573016
0.13498154
0.13116146
0.1278319
-0.070382228
-0.18522545
-0.22725934
-0.16892009
-0.061927292
0.02790132
0.08233423
0.092692492
0.079739583
0.061043773
0.042388016
0.035977925
0.031926432
0.036562229
0.051386106
0.071767321
0.092689615
0.10184114
0.071795712
0.16234782
0.19831599
0.19372461
0.17585038
0.15941453
0.14886747
0.14032295
-0.050160663
-0.1384823
-0.15425691
-0.09580948
-0.023061287
0.049703632
0.082528491
0.083969585
0.067884373
0.038510519
0.031264054
0.024141484
0.025364677
0.035280854
0.054600554
0.080906706
0.1000292
0.10815037
0.039661484
0.15824765
0.20467428
0.20736055
0.19407605
0.17644536
0.16410983
0.15254204
-0.069113023
-0.11890967
-0.10316074
-0.039915973
0.018336117
0.066580978
0.079414842
0.069424641
0.047160498
0.02765922
0.022011928
0.020470311
0.028408303
0.043998877
0.070779619
0.1008453
0.11687149
0.1254376
0.071920529
0.17453682
0.25317657
0.24800462
0.23021649
0.20664735
0.18781549
0.17163129
-0.018679379
-0.033683523
-0.01596421
0.014092844
0.052565004
0.071805128
0.069239065
0.049451818
0.021248285
0.0024238566
-0.0026102798
0.001920508
0.017252303
0.041093075
0.074696637
0.1084861
0.12686153
0.13249811
0.065994725
0.14468584
0.23535955
0.26766857
0.27274445
0.25140149
0.22850508
0.20866602
0.18849777
0.0145937
0.010177513
0.016647023
0.038648639
0.061705776
0.062068342
0.044963643
0.017719224
-0.006157447
-0.013775515
-0.0089580256
0.0030546839
0.02504143
0.053458492
0.081271534
0.094791984
0.11991671
0.14039412
0.14948091
0.096598643
0.17989302
0.23667194
0.30182222
0.30049594
0.28665801
0.2603604
0.23520999
0.21244677
0.091689654
0.10272347
0.088149913
0.084089964
0.072858812
0.050413851
0.015134939
-0.023085185
-0.051341105
-0.057544373
-0.048608071
-0.025863216
0.0072800914
0.043463539
0.075372279
0.099382247
0.12998507
0.14973018
0.1562456
0.18317879
0.13935956
0.27102376
0.32455119
0.30837827
0.31049012
0.28287234
0.2578458
0.2317886
0.13355199
0.11859042
0.097119074
0.079736714
0.050279712
0.010844011
-0.034946755
-0.073546152
-0.086373137
-0.07802238
-0.05046649
-0.018383043
0.019370626
0.054402346
0.093928317
0.11746003
0.14192784
0.16296087
0.17457432
0.21278616
0.1770934
0.28219005
0.34550471
0.33361042
0.33673059
0.3102019
0.28289987
0.25688556
0.21607882
0.20167778
0.14639307
0.09675578
0.038656904
-0.02712261
-0.091758809
-0.14403405
-0.16305529
-0.14395284
-0.1036556
-0.056118012
-0.005211492
0.0408172
0.085925865
0.12021874
0.15116662
0.17285141
0.18353976
0.25506105
0.24041471
0.31203963
0.36167607
0.35355797
0.329634
0.34957257
0.30268142
0.27547511
0.23772035
0.18912699
0.12824056
0.060854304
-0.020016144
-0.097320428
-0.16613708
-0.21047234
-0.20544839
-0.16129218
-0.099090648
-0.041738123
0.011801566
0.060895867
0.10433397
0.1373815
0.16373275
0.18625552
0.2049646
0.26726128
0.29458941
0.33612729
0.37111316
0.36458666
0.34669867
0.36335775
0.32230069
0.29763472
0.31623869
0.24420122
0.15036841
0.053175973
-0.058975179
-0.16506071
-0.26248437
-0.31527613
-0.31835294
-0.2407665
-0.15542154
-0.082518376
-0.016502953
0.047320074
0.097305102
0.13892542
0.17197655
0.19790997
0.22019724
0.32486063
0.34494697
0.3390027
0.38196872
0.37855264
0.36071573
0.33571637
0.38021899
0.3122345
0.30112646
0.21007776
0.102235
-0.021953187
-0.15539378
-0.26938039
-0.35673351
-0.39759958
-0.34247629
-0.24049874
-0.14737327
-0.063100029
0.0089443018
0.068867169
0.11804547
0.15565411
0.18495393
0.21492905
0.25479099
0.3454211
0.40082386
0.37389019
0.38125606
0.37622072
0.36544084
0.34776735
0.37862105
0.32803397
0.35276538
0.2386633
0.10652752
-0.051438453
-0.22345173
-0.37008463
-0.47381457
-0.51144574
-0.43958217
-0.32218736
-0.21020957
-0.10533951
-0.018104039
0.055048944
0.11226938
0.15545823
0.19191519
0.23334809
0.25589743
0.42354236
0.40025025
0.37565366
0.38459781
0.38874774
0.37286935
0.35266186
0.33558664
0.39097874
0.31383326
0.18323459
0.022655327
-0.16387741
-0.34698584
-0.48753291
-0.56692233
-0.57702236
-0.5401468
-0.43832697
-0.31121971
-0.19262895
-0.074811897
0.011121864
0.078921519
0.13425897
0.17554399
0.20469152
0.22608218
0.25783154
0.26298112
0.41370091
0.4335938
0.40706246
0.37104413
0.37454488
0.36547591
0.35534206
0.34354011
0.38079604
0.34628288
0.19914263
0.013057506
-0.20336616
-0.41839459
-0.58317237
-0.6698244
-0.67205235
-0.60871768
-0.50433046
-0.36986674
-0.2483954
-0.10569416
-0.011857648
0.068656285
0.13021642
0.1832257
0.21218883
0.24145194
0.26332803
0.28322896
0.43076597
0.45259826
0.41034614
0.40178456
0.3738297
0.36655771
0.37712331
0.35331618
0.34387998
0.3900778
0.29245463
0.11599975
-0.099336639
-0.33533499
-0.54420052
-0.67680485
-0.71611958
-0.69574704
-0.61147527
-0.49214316
-0.3461401
-0.20551625
-0.06575825
0.023927136
0.093075661
0.13685206
0.19095008
0.16347923
0.24434806
0.25511506
0.28064318
0.29606661
0.45112648
0.49206692
0.4299193
0.40784384
0.34862063
0.34689994
0.3529149
0.34619603
0.34250605
0.36535758
0.31939674
0.12963399
-0.10412725
-0.3624316
-0.59024161
-0.73261273
-0.76989927
-0.73730345
-0.65133458
-0.53160524
-0.38764098
-0.23115403
-0.089707964
0.021764779
0.086197537
0.12890346
0.19287611
0.16139142
0.20967073
0.23782372
0.26240137
0.29639432
0.31674893
0.47138435
0.48380187
0.41442471
0.39329157
0.3443253
0.34189039
0.33746114
0.3495639
0.33522336
0.36511971
0.24945542
0.028539075
-0.23222442
-0.49186178
-0.68921804
-0.78276277
-0.7800932
-0.71743861
-0.62095725
-0.52500765
-0.38421937
-0.17605617
-0.28873366
-0.076066964
0.047417508
-0.021076259
0.10272766
0.14663538
0.17869717
0.21404201
0.2368208
0.25162656
0.28809113
0.31305759
0.32747497
0.45668521
0.50372359
0.43234952
0.39373783
0.31293229
0.31404744
0.32138152
0.31624876
0.3250504
0.33147856
0.27452348
0.050600312
-0.21476135
-0.48328968
-0.6895027
-0.78957493
-0.79184017
-0.73161968
-0.63469525
-0.5311723
-0.40596832
-0.18696006
-0.29134454
-0.098716881
0.041654432
-0.027024795
0.097519004
0.14214202
0.17812649
0.1978966
0.23823498
0.25257683
0.29680813
0.3290582
0.35036349
0.42103467
0.49677953
0.39292754
0.36298955
0.30348774
0.30376707
0.30710952
0.31137679
0.30928001
0.32404122
0.20897187
-0.055514845
-0.33701869
-0.58696497
-0.74748334
-0.80076628
-0.76927434
-0.68445411
-0.58266617
-0.47995251
-0.38205742
-0.25573837
-0.1515184
-0.066434227
0.065405838
0.0038567291
0.11786838
0.15768134
0.19697587
0.21799538
0.26883928
0.23713511
0.29838096
0.32175121
0.46536957
0.39940674
0.45575895
0.40577985
0.34878285
0.26777345
0.27146401
0.28411534
0.29414943
0.27020594
0.28110112
0.21927901
-0.023350647
-0.29768506
-0.54592119
-0.7111929
-0.77270307
-0.74601406
-0.6601919
-0.56826609
-0.46280009
-0.36598335
-0.25848742
-0.16078253
-0.074704494
0.059306285
-0.0040429354
0.11134286
0.15125887
0.16618117
0.1941859
0.21929185
0.2748152
0.23992929
0.30395154
0.45503723
0.3746749
0.43723045
0.349826
0.3013312
0.25349388
0.25675591
0.26547927
0.27508778
0.25710567
0.26705524
0.1385365
-0.12957623
-0.40104192
-0.61533562
-0.73348899
-0.75388586
-0.69358998
-0.60316087
-0.50329624
-0.41351671
-0.32979589
-0.23573017
-0.12448712
-0.043736528
0.081344096
0.023879994
0.12813247
0.16625849
0.18796198
0.20253064
0.25422693
0.22018348
0.30400046
0.41749683
0.32666451
0.41350771
0.35031748
0.27524691
0.21490178
0.22231482
0.23765695
0.2528359
0.21427297
0.22225059
0.15705161
-0.092974172
-0.3468451
-0.55750659
-0.67745152
-0.70170171
-0.63819991
-0.56669159
-0.47492855
-0.38886104
-0.30719657
-0.23134788
-0.13180302
-0.055107488
0.075298609
0.016563294
0.12392528
0.14243977
0.18393976
0.19910026
0.25399698
0.22008878
0.27226382
0.39387734
0.27043632
0.38551243
0.27897627
0.22754821
0.20373837
0.19718894
0.21660263
0.23004506
0.19840788
0.20030413
0.0655722
-0.1888124
-0.42531101
-0.59772565
-0.67107561
-0.6522991
-0.59805453
-0.50135258
-0.41389948
-0.34044291
-0.28113096
-0.17694235
-0.23443537
-0.097437932
-0.023346114
0.097235282
0.041678917
0.13678152
0.16064285
0.17295801
0.23676791
0.19736461
0.27565394
0.3471679
0.28772388
0.21673096
0.32404829
0.27319807
0.19370131
0.16926605
0.1607871
0.18785117
0.20611736
0.16263965
0.15782284
0.071818065
-0.17873322
-0.38856856
-0.54593997
-0.61530928
-0.60046855
-0.55045844
-0.46228734
-0.38347323
-0.31825277
-0.26412247
-0.17519428
-0.21119679
-0.10061265
-0.025330104
0.089421707
0.036286486
0.1099288
0.14968031
0.17638911
0.23835878
0.1979725
0.25340609
0.28508768
0.23310229
0.16207796
0.29096073
0.18096563
0.14605036
0.14988428
0.16572528
0.14825593
0.18165203
0.14320231
0.1300711
-0.035680918
-0.26663861
-0.45242884
-0.56047078
-0.58888681
-0.55003065
-0.5261955
-0.47135353
-0.40170625
-0.33238776
-0.27453292
-0.24692974
-0.14321732
-0.19571076
-0.085380062
0.0032460873
-0.047050185
0.058839875
0.09634477
0.12331265
0.15275782
0.2179989
0.17457527
0.22796932
0.17812829
0.10907042
0.20381331
0.15457204
0.10066013
0.12099577
0.13941574
0.10949001
0.1585394
0.10537158
0.092283941
-0.049203092
-0.26848783
-0.43768656
-0.53349148
-0.55595499
-0.52154623
-0.4875987
-0.43681162
-0.36715924
-0.30212586
-0.24567104
-0.21289467
-0.14303978
-0.18196364
-0.092305765
-0.0026218664
-0.050197195
0.049717617
0.068757888
0.11392143
0.12098222
0.15160715
0.21576086
0.17166722
0.16763884
0.11023292
0.05060271
0.14779156
0.038045072
0.060414302
0.11821765
0.095686637
0.13458181
0.092902292
0.093146453
0.083678788
0.057872011
-0.16377228
-0.36082026
-0.4869586
-0.53392905
-0.52901787
-0.48087015
-0.4591171
-0.4387355
-0.37967017
-0.31703455
-0.25780937
-0.22770486
-0.19644746
-0.12156549
-0.16330861
-0.076562537
0.016783146
-0.026795283
0.059868569
0.074619698
0.10978694
0.12958227
0.19256318
0.14800303
0.10606219
0.051165087
0.011228943
0.038532418
-0.023913735
0.010894711
0.095703258
0.073947672
0.11380004
0.065183744
0.067438653
0.056963123
0.026568147
-0.2053011
-0.39117202
-0.50509979
-0.5363912
-0.52304766
-0.47266756
-0.42892045
-0.40218805
-0.35181289
-0.2952712
-0.24562417
-0.20626421
-0.17897826
-0.12293251
-0.15646012
-0.084884026
0.0063788013
-0.03683488
0.020723993
0.051698898
0.063861262
0.07527925
0.10456857
0.12537356
0.14332229
0.023090381
-0.0089955491
-0.060029899
-0.0023200821
-0.12759517
-0.021674597
0.078837841
0.092265204
0.056449969
0.053482474
0.051505268
0.029877627
-0.01363075
-0.33638626
-0.47257919
-0.54210887
-0.53620807
-0.49232612
-0.4344912
-0.41285789
-0.3650405
-0.31074556
-0.25904576
-0.21728783
-0.18325116
-0.2012546
-0.16683683
-0.1058462
-0.13881711
-0.065901407
-0.019079352
0.013571208
0.035081345
0.037684782
0.069730503
0.088169226
0.10214514
0.11750329
-0.032438112
-0.067341369
-0.094047579
-0.096461771
-0.11461586
-0.19668117
-0.073143537
0.061270868
0.076149123
0.040854597
0.024819056
0.020458448
0.010857846
-0.037189411
-0.39483199
-0.52589802
-0.58514008
-0.56657464
-0.50351565
-0.43741554
-0.37060766
-0.34391356
-0.29366082
-0.24655317
-0.20760269
-0.16642506
-0.17840136
-0.15476258
-0.11354505
-0.12962809
-0.073921834
-0.028460289
-0.011992205
0.022535332
0.027762037
0.044396168
0.081478309
0.09569529
-0.1266805
-0.16047643
-0.15763728
-0.16596317
-0.1587045
-0.19655379
-0.35713277
-0.098230419
0.049774788
0.060057928
0.027333685
0.016518699
0.014965991
-0.02307561
-0.078132304
-0.50532544
-0.59401608
-0.59803284
-0.55896269
-0.53506662
-0.46677194
-0.40500754
-0.37443374
-0.31214327
-0.25808746
-0.21934346
-0.19297208
-0.15735352
-0.17115984
-0.1470593
-0.092208912
-0.12587945
-0.055518249
-0.023373352
-0.0046203193
0.0011224169
0.0355208
0.056184937
0.067725693
-0.17863476
-0.20408026
-0.18008387
-0.19209759
-0.251753
-0.30347753
-0.4279798
-0.1495553
0.040090769
0.051719094
0.021902145
-0.0060832126
-0.022791244
-0.037746446
-0.096149924
-0.56921773
-0.6511263
-0.62768958
-0.59390386
-0.5393492
-0.47889449
-0.41863968
-0.34982522
-0.31442879
-0.25384702
-0.21590873
-0.18612295
-0.14558245
-0.16088853
-0.13853707
-0.10533931
-0.14759792
-0.066717335
-0.050953614
-0.019017627
-0.012442936
0.0070255913
0.045711237
0.061000578
-0.26889309
-0.27422805
-0.24317825
-0.26400242
-0.31048214
-0.38999822
-0.54788287
-0.16738838
0.044040955
0.043501039
0.011647815
-0.021790881
-0.008149426
-0.072495981
-0.13865059
-0.65256074
-0.69084127
-0.62091529
-0.67352551
-0.58100702
-0.51607236
-0.45207008
-0.39167526
-0.32639649
-0.36743591
-0.27362458
-0.2296698
-0.19527422
-0.17040609
-0.14106534
-0.15269629
-0.13228919
-0.086434643
-0.11172358
-0.1307229
-0.066631077
-0.050300804
-0.039125355
-0.008471282
0.014026492
0.032424499
-0.320001
-0.30844101
-0.28730867
-0.25926604
-0.4125547
-0.46284766
-0.60805815
-0.22060298
0.015931956
0.055584155
0.018768618
-0.047329869
-0.023193856
-0.092627001
-0.15336598
-0.70547846
-0.73753378
-0.65002322
-0.68650068
-0.60098848
-0.53562628
-0.46943048
-0.40753942
-0.31663897
-0.34730873
-0.27627997
-0.23623543
-0.19718324
-0.17055844
-0.13849162
-0.15111358
-0.14134472
-0.10055224
-0.12984738
-0.14002781
-0.088788106
-0.063044494
-0.055057522
-0.034141384
0.0092856558
-0.41243684
-0.39127262
-0.3604117
-0.32129632
-0.46970772
-0.56844605
-0.69653344
-0.23097219
0.036105031
0.039611632
0.0021890961
-0.080407741
-0.046044854
-0.016708612
-0.1289165
-0.19811203
-0.75767056
-0.75723708
-0.64234114
-0.72425411
-0.58128037
-0.51073945
-0.44219699
-0.38351274
-0.29693741
-0.3552786
-0.25324536
-0.20804283
-0.23632305
-0.18154373
-0.15958181
-0.14029563
-0.14592677
-0.13649324
-0.11355592
-0.12778869
-0.13969549
-0.10197966
-0.084721653
-0.082501286
-0.054389906
-0.017149388
-0.45627018
-0.41823849
-0.37525709
-0.32751015
-0.56970307
-0.62538379
-0.7438235
-0.28157349
0.024760517
0.03407359
0.012872704
-0.1005906
-0.066721647
-0.029956377
-0.14447328
-0.20732311
-0.79633299
-0.79112405
-0.6732535
-0.71871405
-0.60637954
-0.53081397
-0.46013095
-0.3973836
-0.3075259
-0.33313775
-0.2696646
-0.21120693
-0.23115879
-0.18633646
-0.16452951
-0.15320218
-0.15522791
-0.14929723
-0.12332912
-0.12295646
-0.15203912
-0.1084727
-0.12466223
-0.10306988
-0.10318506
-0.049008691
-0.088654262
-0.54602399
-0.5026064
-0.44621395
-0.38694139
-0.61295308
-0.71616444
-0.80251887
-0.28496076
0.03459877
0.039694877
0.0041608478
-0.13152039
-0.094003212
-0.061135315
-0.042015404
-0.18297861
-0.24757556
-0.82005344
-0.78879466
-0.65523007
-0.74789066
-0.58082251
-0.50268736
-0.43173495
-0.37448237
-0.28930249
-0.34658295
-0.25536294
-0.19966497
-0.23861465
-0.17597085
-0.1603319
-0.14802368
-0.15133215
-0.14782618
-0.14923622
-0.13157482
-0.14721203
-0.12077562
-0.1395199
-0.1183971
-0.12354144
-0.069359595
-0.10973347
-0.58027998
-0.51816654
-0.44938521
-0.38669851
-0.69723735
-0.75087654
-0.83140616
-0.33355087
0.036579374
0.047513076
0.020570187
-0.023666867
-0.15485503
-0.11613706
-0.076297911
-0.05640595
-0.17884844
-0.24302057
-0.84166437
-0.80970137
-0.68136888
-0.73056432
-0.60416407
-0.52259149
-0.44771372
-0.38882458
-0.30293638
-0.32732592
-0.26727975
-0.20866373
-0.22579632
-0.18365577
-0.16795899
-0.15480056
-0.14459051
-0.15694091
-0.15643113
-0.1401794
-0.15199086
-0.14233316
-0.1324473
-0.14464659
-0.13596622
-0.14223402
-0.10060219
-0.1336985
-0.65695877
-0.59303522
-0.51523238
-0.44129394
-0.72313847
-0.81479427
-0.85949614
-0.32468312
0.052344542
0.058709062
0.020530382
-0.032581162
-0.14456198
-0.10615047
-0.073807263
-0.20850108
-0.27917677
-0.84157243
-0.79420215
-0.65648713
-0.75174806
-0.57474999
-0.48774798
-0.42159562
-0.36811619
-0.28797406
-0.34246048
-0.25287166
-0.19853438
-0.23623151
-0.17932426
-0.16098864
-0.15467349
-0.15582699
-0.16267995
-0.15837087
-0.15685383
-0.15387203
-0.1434729
-0.15115692
-0.15040001
-0.15878277
-0.15344031
-0.67929967
-0.59753725
-0.50584221
-0.42057279
-0.78566875
-0.83061654
-0.86276319
-0.36306073
0.061084722
0.070101394
0.016699474
-0.015340252
-0.056895573
-0.16944298
-0.13432437
-0.10863881
-0.20404174
-0.27136944
-0.84825909
-0.8035837
-0.67873666
-0.72726593
-0.59820314
-0.49480652
-0.43326277
-0.38207456
-0.30243519
-0.32727084
-0.26583236
-0.21063031
-0.22483771
-0.1897869
-0.17033896
-0.16469488
-0.16495995
-0.16967425
-0.16609796
-0.15724946
-0.14956547
-0.14442547
-0.15495043
-0.16572614
-0.17298819
-0.16965752
-0.15581487
-0.73768758
-0.65017048
-0.5509577
-0.45631937
-0.79538767
-0.86633327
-0.87090007
-0.86710824
-0.34821605
0.04652254
0.08868849
0.013676698
-0.019056958
-0.063269454
-0.16166552
-0.1161974
-0.23343128
-0.30328753
-0.83508352
-0.78196957
-0.65231747
-0.74256137
-0.57840381
-0.52751456
-0.46372788
-0.41008194
-0.36531352
-0.28970148
-0.34235083
-0.27631768
-0.25018367
-0.20227176
-0.23779918
-0.19190337
-0.17696872
-0.1718069
-0.16545954
-0.16858412
-0.16919494
-0.16552577
-0.16906628
-0.16614045
-0.1677132
-0.16835989
-0.17077679
-0.17965947
-0.18823667
-0.19370654
-0.73902502
-0.69684196
-0.62309298
-0.55118475
-0.43436418
-0.50844566
-0.83394201
-0.85544343
-0.86893867
-0.8691599
-0.38225206
0.009142057
-0.047148483
-0.093405855
-0.18306651
-0.15265287
-0.2268704
-0.29300687
-0.83754562
-0.78837494
-0.6739492
-0.71687925
-0.55515234
-0.61550539
-0.50090256
-0.46660403
-0.42019935
-0.37918214
-0.30916623
-0.33131795
-0.27337579
-0.25824187
-0.2173943
-0.2295003
-0.197655
-0.1859656
-0.17925599
-0.1714698
-0.16744641
-0.17670857
-0.17365779
-0.17263932
-0.17092096
-0.1716638
-0.18177034
-0.19254069
-0.20461192
-0.20228583
-0.78593748
-0.71994444
-0.66086909
-0.59630213
-0.46354808
-0.53178831
-0.81901751
-0.86591246
-0.86837017
-0.85834096
-0.3669465
-0.031731552
-0.053263032
-0.10343859
-0.20322919
-0.19159893
-0.16769114
-0.25617069
-0.32122251
-0.81936689
-0.76351381
-0.65100041
-0.72746979
-0.56243965
-0.59689182
-0.51114109
-0.44647682
-0.40726973
-0.39782375
-0.36367994
-0.32297625
-0.29485752
-0.35050603
-0.28355958
-0.25298907
-0.21520667
-0.24082347
-0.20551038
-0.18587005
-0.17808172
-0.17487563
-0.17413841
-0.18008072
-0.18340114
-0.18320044
-0.17770989
-0.17896083
-0.19147713
-0.20231491
-0.21446664
-0.78219649
-0.71245467
-0.64380558
-0.58151221
-0.44487863
-0.51349053
-0.83360953
-0.85045957
-0.86124889
-0.85296704
-0.40153828
-0.03265162
-0.081860153
-0.13920819
-0.23724478
-0.21337998
-0.19149768
-0.30214824
-0.81611384
-0.76488159
-0.66540948
-0.7018717
-0.54339414
-0.60907314
-0.49660137
-0.45591613
-0.42706586
-0.39573544
-0.37112528
-0.32483142
-0.30213359
-0.34160903
-0.27635624
-0.26516756
-0.22513591
-0.23739532
-0.20382201
-0.19367822
-0.18624755
-0.18259591
-0.18004368
-0.18426851
-0.19472177
-0.20062909
-0.19073328
-0.20171469
-0.21262562
-0.22174305
-0.78933609
-0.73080252
-0.67157301
-0.6056763
-0.47091496
-0.54065365
-0.82272108
-0.84706174
-0.8494835
-0.8369149
-0.37815893
-0.063658744
-0.085724249
-0.14597023
-0.25991332
-0.24888621
-0.2080051
-0.32935661
-0.79371729
-0.73969198
-0.64238343
-0.70790581
-0.55769264
-0.58889167
-0.5134645
-0.47710799
-0.44259449
-0.41363562
-0.38593686
-0.36203461
-0.31888736
-0.31175881
-0.29372454
-0.34862799
-0.28538722
-0.26174695
-0.22232788
-0.24810023
-0.21413611
-0.19429506
-0.18836839
-0.18438904
-0.18645143
-0.18586187
-0.18820136
-0.19941013
-0.19870712
-0.21163403
-0.22378556
-0.24823947
-0.7757332
-0.71779069
-0.65204404
-0.58840508
-0.48533023
-0.52548409
-0.8250016
-0.83736835
-0.84056422
-0.82811219
-0.4027772
-0.11765736
-0.18388728
-0.27157363
-0.21503632
-0.25519304
-0.31082353
-0.7880421
-0.73676562
-0.65141252
-0.68354427
-0.54091213
-0.59955608
-0.49908328
-0.46716351
-0.44574173
-0.4187824
-0.39226914
-0.36934291
-0.33004249
-0.31048031
-0.29815223
-0.34091144
-0.28046311
-0.25589068
-0.27172417
-0.23160225
-0.24144458
-0.21116654
-0.20245641
-0.19530262
-0.19222114
-0.1973102
-0.19245843
-0.20826998
-0.2014279
-0.20748884
-0.21958178
-0.23731976
-0.26098958
-0.77745694
-0.73185499
-0.67207224
-0.61056079
-0.4533962
-0.52700799
-0.5507814
-0.80917714
-0.83139536
-0.82470506
-0.80812678
-0.37730711
-0.12384844
-0.19063471
-0.24224788
-0.27050008
-0.33247989
-0.76417199
-0.71532453
-0.62991844
-0.68701808
-0.55254898
-0.58089888
-0.47715826
-0.51053581
-0.43566832
-0.40884371
-0.38303193
-0.3608374
-0.32478963
-0.31712939
-0.29479821
-0.34835077
-0.28721621
-0.26212269
-0.27029567
-0.23476182
-0.22326274
-0.2513276
-0.21831655
-0.20636599
-0.20064217
-0.19650549
-0.19614
-0.19552979
-0.19617948
-0.19903735
-0.21011419
-0.21274157
-0.22322283
-0.23603285
-0.24250118
-0.76570839
-0.71062228
-0.65236628
-0.59177196
-0.47191427
-0.55117537
-0.80849006
-0.82344911
-0.8122889
-0.81329602
-0.80158268
-0.3974616
-0.15983353
-0.22762802
-0.2569847
-0.30970416
-0.75527375
-0.70941481
-0.63678118
-0.66512949
-0.53709211
-0.58954915
-0.46400849
-0.49484915
-0.44403091
-0.41583126
-0.3892508
-0.36577403
-0.33192008
-0.31256909
-0.30291878
-0.33965205
-0.28380212
-0.25821368
-0.27613404
-0.23767596
-0.2297367
-0.2551673
-0.24807935
-0.22013815
-0.21173695
-0.20747734
-0.20373657
-0.20393562
-0.20256815
-0.20668464
-0.21508364
-0.21158044
-0.21791042
-0.23725127
-0.24135639
-0.77570115
-0.72483765
-0.66981288
-0.61349798
-0.4442165
-0.52112057
-0.59195645
-0.78346651
-0.80598857
-0.80651919
-0.80667634
-0.7903659
-0.37037877
-0.29965987
-0.33162943
-0.77040078
-0.74049606
-0.69024324
-0.72098429
-0.61664642
-0.6674017
-0.54638547
-0.57333831
-0.47227282
-0.5040827
-0.43307652
-0.4057293
-0.37779483
-0.35922748
-0.3268686
-0.32112186
-0.3097808
-0.2975239
-0.34526018
-0.27894921
-0.29123017
-0.26568242
-0.27047316
-0.24410813
-0.23003809
-0.25864977
-0.25319559
-0.22493481
-0.21172284
-0.20782281
-0.2062372
-0.20615482
-0.20773339
-0.217072
-0.22774896
-0.22092547
-0.23945564
-0.24952319
-0.7768677
-0.74352144
-0.70355059
-0.65345314
-0.46452994
-0.53688319
-0.61047016
-0.78755578
-0.80011503
-0.78904651
-0.79441357
-0.7837332
-0.39021242
-0.31069334
-0.76511969
-0.73877824
-0.69056085
-0.70674153
-0.62057321
-0.65481258
-0.53446216
-0.58268195
-0.45893993
-0.48725645
-0.52657326
-0.4401649
-0.41148141
-0.38362484
-0.36770578
-0.35369261
-0.33272014
-0.31803462
-0.31009769
-0.30127631
-0.33980413
-0.27976706
-0.28879908
-0.26496364
-0.27310355
-0.24258865
-0.23577837
-0.25661062
-0.25094124
-0.22346166
-0.2179588
-0.21458234
-0.21353134
-0.21189107
-0.21441194
-0.21948365
-0.23981123
-0.2250236
-0.22174331
-0.24142404
-0.25864785
-0.77145566
-0.75165078
-0.71368523
-0.66862385
-0.44322514
-0.50693254
-0.57053429
-0.65787644
-0.60855222
-0.77080352
-0.78907225
-0.78305132
-0.78493678
-0.77198906
-0.39593512
-0.358016
-0.75252182
-0.72660655
-0.67941758
-0.71028379
-0.60362079
-0.64026347
-0.66298276
-0.55252898
-0.57064153
-0.46676941
-0.492139
-0.52361923
-0.42820433
-0.40376722
-0.39584198
-0.37703429
-0.36082186
-0.34914163
-0.32793113
-0.32171297
-0.30714013
-0.29818857
-0.33967953
-0.28393813
-0.2928294
-0.26791557
-0.2720069
-0.24703966
-0.23902746
-0.23326667
-0.26100666
-0.25553351
-0.22894358
-0.21829996
-0.21585176
-0.21648359
-0.21779338
-0.22561964
-0.22762614
-0.22904038
-0.2434268
-0.25156564
-0.26306527
-0.76729345
-0.75800412
-0.73276087
-0.703054
-0.45882209
-0.52342523
-0.58458939
-0.66948162
-0.63405464
-0.76860526
-0.77829161
-0.77172441
-0.77381607
-0.76584855
-0.42737919
-0.74545951
-0.72576902
-0.67890969
-0.70112527
-0.60695568
-0.63612671
-0.65145868
-0.54240721
-0.5773896
-0.45061492
-0.51419269
-0.48181389
-0.43519282
-0.41346853
-0.39075447
-0.37775483
-0.35390419
-0.36409221
-0.3305534
-0.31781923
-0.31122813
-0.30203283
-0.33634481
-0.28164328
-0.28987533
-0.26570172
-0.27562585
-0.24768608
-0.24256521
-0.23819011
-0.25913911
-0.25427217
-0.22832975
-0.22451346
-0.22280592
-0.22575157
-0.22647158
-0.22856655
-0.23867864
-0.23618821
-0.2458648
-0.25572298
-0.77351476
-0.74638974
-0.736317
-0.71361933
-0.49653936
-0.56108428
-0.61839719
-0.67076893
-0.70812834
-0.76703977
-0.769164
-0.77109815
-0.76647858
-0.75387423
-0.4433638
-0.7374174
-0.71683102
-0.68860094
-0.66750123
-0.70500924
-0.62476563
-0.59490621
-0.6536226
-0.54931677
-0.56706312
-0.45414807
-0.52193393
-0.49292139
-0.47032497
-0.4255888
-0.40486868
-0.39603387
-0.37167619
-0.34886394
-0.35837027
-0.32619743
-0.32070322
-0.3086565
-0.29813576
-0.34034674
-0.28493347
-0.29374087
-0.26916872
-0.27258082
-0.25108482
-0.24144134
-0.23746332
-0.26288351
-0.2577637
-0.2342017
-0.22531477
-0.22474493
-0.22462455
-0.22864645
-0.23406446
-0.23999274
-0.23921616
-0.25013403
-0.25958912
-0.76311234
-0.7472674
-0.72931763
-0.51697003
-0.58297656
-0.63731844
-0.68995075
-0.71539132
-0.76749014
-0.76742236
-0.75714545
-0.75812299
-0.75136081
-0.73239931
-0.71550529
-0.68204249
-0.66961254
-0.69838307
-0.62755242
-0.59992888
-0.64357375
-0.54021641
-0.57458668
-0.44549673
-0.51420762
-0.50876933
-0.48022996
-0.45725055
-0.43255706
-0.41221667
-0.38911739
-0.37750548
-0.35141717
-0.36314434
-0.32958528
-0.31720555
-0.31142043
-0.30231595
-0.33419312
-0.28219768
-0.29065143
-0.26716476
-0.27674097
-0.24952595
-0.2458774
-0.2421312
-0.26076497
-0.25591857
-0.23420591
-0.23122265
-0.23098097
-0.23306887
-0.23399199
-0.23802131
-0.24555793
-0.24790484
-0.25383164
-0.26077775
-0.75518696
-0.74611242
-0.73515036
-0.56043737
-0.61887565
-0.66691058
-0.70244945
-0.7092597
-0.7325824
-0.75428629
-0.7581651
-0.76599346
-0.75545433
-0.74797292
-0.74365604
-0.73411731
-0.7234652
-0.70956952
-0.68723871
-0.66247776
-0.7003626
-0.61600426
-0.5903637
-0.6475637
-0.55033995
-0.56599948
-0.444526
-0.52902981
-0.50886287
-0.47470711
-0.48681397
-0.463358
-0.42193051
-0.4049686
-0.38720562
-0.39859434
-0.37038058
-0.34633273
-0.35749886
-0.32569613
-0.32112702
-0.30741477
-0.30690146
-0.2975561
-0.33744263
-0.28585413
-0.27933095
-0.29346653
-0.27042833
-0.27364932
-0.25308009
-0.2451677
-0.2418742
-0.2643685
-0.25924727
-0.23912566
-0.23247419
-0.23157132
-0.23401698
-0.23764407
-0.24261264
-0.24884977
-0.25022254
-0.25722351
-0.26676421
-0.75522027
-0.74150518
-0.64273878
-0.68668301
-0.71352938
-0.73190407
-0.74509551
-0.75306961
-0.7486416
-0.75141725
-0.7494765
-0.75651186
-0.74533952
-0.74048509
-0.73113899
-0.72716932
-0.71014875
-0.68319176
-0.66604313
-0.69624591
-0.61850969
-0.59659075
-0.64127085
-0.54036002
-0.57397948
-0.43793391
-0.52160917
-0.50369123
-0.47139249
-0.49749924
-0.4764718
-0.45476474
-0.42531906
-0.40918345
-0.38466731
-0.39219522
-0.37232734
-0.35147203
-0.34288959
-0.36046867
-0.32879723
-0.31799879
-0.31319358
-0.30522606
-0.29899529
-0.3338134
-0.28252145
-0.2785444
-0.29037684
-0.26813757
-0.27462551
-0.25194407
-0.24917205
-0.2462537
-0.26723962
-0.26197653
-0.2577891
-0.23965748
-0.23752064
-0.23618343
-0.23957211
-0.24140297
-0.241797
-0.24412
-0.25272723
-0.24816383
-0.26248698
-0.74850355
-0.74731705
-0.67614558
-0.70609014
-0.72924927
-0.73325434
-0.72546101
-0.74035436
-0.74810384
-0.7493624
-0.75336746
-0.74887454
-0.75158104
-0.743082
-0.73858187
-0.72837902
-0.72458966
-0.71556571
-0.70729137
-0.68773673
-0.67544574
-0.65974595
-0.69685536
-0.63087075
-0.60999104
-0.58878469
-0.64892982
-0.54594176
-0.568839
-0.44733432
-0.43540868
-0.52920046
-0.51311054
-0.46435901
-0.49328249
-0.47658526
-0.45539382
-0.41708048
-0.40261796
-0.3791747
-0.39554544
-0.36688799
-0.34634778
-0.33925182
-0.35429685
-0.32458084
-0.32026058
-0.30973662
-0.30228233
-0.29606003
-0.33301839
-0.28583584
-0.28110933
-0.28856769
-0.29296117
-0.27141373
-0.27354124
-0.25547577
-0.2488941
-0.24626675
-0.26753473
-0.26392372
-0.26034931
-0.24407023
-0.23809365
-0.24264659
-0.24461755
-0.25011483
-0.24932041
-0.25362175
-0.2549812
-0.26106602
-0.74907188
-0.69541067
-0.71882933
-0.72719795
-0.74692304
-0.74203619
-0.74600035
-0.74753808
-0.74651782
-0.7475952
-0.74851464
-0.74759816
-0.74043722
-0.73114309
-0.73670165
-0.7245971
-0.72027698
-0.71764323
-0.70063788
-0.70951946
-0.68392873
-0.67704041
-0.66425091
-0.69207231
-0.62648189
-0.61426507
-0.5969322
-0.64438896
-0.56013545
-0.53936899
-0.58040927
-0.43924305
-0.4328177
-0.52219958
-0.50741203
-0.4612826
-0.50239945
-0.48688157
-0.47412838
-0.44917227
-0.41839727
-0.40533556
-0.38180476
-0.38841374
-0.3696896
-0.34902747
-0.34226095
-0.35647502
-0.32686746
-0.31608731
-0.31221782
-0.30422744
-0.29769475
-0.33014573
-0.2834238
-0.27914735
-0.28679379
-0.29017671
-0.27027482
-0.27585576
-0.25470382
-0.25275962
-0.25008913
-0.26589038
-0.26245667
-0.25934099
-0.24442265
-0.24267606
-0.24447843
-0.24939604
-0.2503173
-0.25054494
-0.25724356
-0.25757059
-0.26495537
-0.74451586
-0.71422739
-0.73722561
-0.75156488
-0.73854299
-0.72711963
-0.74225821
-0.74524276
-0.74553242
-0.7445927
-0.74503304
-0.74450745
-0.73748495
-0.72773647
-0.7353511
-0.72725543
-0.71993338
-0.71452865
-0.69935964
-0.70779648
-0.68608481
-0.67281679
-0.66033652
-0.6953178
-0.63436068
-0.60856472
-0.59151994
-0.65071216
-0.55340984
-0.5448989
-0.57317746
-0.44102372
-0.42601637
-0.52836828
-0.51257387
-0.46723138
-0.45606925
-0.49609234
-0.4828919
-0.47362692
-0.44966491
-0.41239391
-0.40026585
-0.37562941
-0.39022021
-0.36402313
-0.34350489
-0.33764031
-0.36167743
-0.35185648
-0.32341752
-0.31618022
-0.32055362
-0.30836708
-0.30150159
-0.2937627
-0.33260689
-0.28342827
-0.28073614
-0.28860368
-0.29161711
-0.27188582
-0.27350156
-0.25753008
-0.2525097
-0.25167998
-0.24980169
-0.26784275
-0.26451566
-0.26157934
-0.24847356
-0.248607
-0.25048332
-0.254117
-0.25398235
-0.25981593
-0.25828308
-0.26626548
-0.74549743
-0.75383151
-0.76287064
-0.74101315
-0.75186473
-0.74754258
-0.74552864
-0.74470254
-0.74206083
-0.74279423
-0.74393439
-0.73563521
-0.73028979
-0.73379954
-0.72682501
-0.72183752
-0.71605991
-0.70254093
-0.71004531
-0.68283217
-0.67668369
-0.66605643
-0.69278591
-0.62930402
-0.61698149
-0.60382918
-0.6500311
-0.56215336
-0.53566414
-0.58432727
-0.43730615
-0.42620804
-0.52195122
-0.51146944
-0.46619408
-0.45547774
-0.48756688
-0.49670006
-0.47890816
-0.46857164
-0.44548166
-0.41499006
-0.40542585
-0.39736098
-0.37744944
-0.38599525
-0.36731477
-0.34518616
-0.33934278
-0.36044626
-0.35391772
-0.34952039
-0.32526709
-0.31391983
-0.31791855
-0.30837342
-0.30195327
-0.29504135
-0.328015
-0.28235901
-0.2783712
-0.28655951
-0.28883709
-0.27000777
-0.27572195
-0.25703797
-0.25554407
-0.25401959
-0.25280616
-0.26633555
-0.26332352
-0.26076191
-0.2493715
-0.24904511
-0.25219495
-0.25543718
-0.25407584
-0.26353046
-0.26283315
-0.7425965
-0.75442723
-0.74771628
-0.7353414
-0.74464989
-0.74601838
-0.74448815
-0.74364974
-0.73974728
-0.73968079
-0.74320667
-0.73715654
-0.73062314
-0.73538944
-0.72517832
-0.71933161
-0.71441693
-0.70114137
-0.708915
-0.68683652
-0.67358948
-0.6638626
-0.69637246
-0.63571314
-0.61184747
-0.59210803
-0.65795906
-0.64481884
-0.56002734
-0.53820327
-0.57826411
-0.43355924
-0.44078854
-0.42054983
-0.52299454
-0.50534162
-0.51871543
-0.46028961
-0.45127351
-0.48945261
-0.49247666
-0.47848594
-0.46872192
-0.44570172
-0.40883368
-0.40010757
-0.39622195
-0.37363197
-0.38358794
-0.38835503
-0.36341923
-0.3710794
-0.34177781
-0.33463828
-0.35619023
-0.35045094
-0.34823384
-0.32200463
-0.31131702
-0.31905584
-0.305313
-0.29910845
-0.29786964
-0.29261885
-0.32866103
-0.28095342
-0.28378875
-0.27844226
-0.28705735
-0.29033526
-0.27158946
-0.27364173
-0.25923446
-0.25569245
-0.25368473
-0.25345441
-0.2679774
-0.26502781
-0.26250934
-0.25276719
-0.25309531
-0.25415007
-0.25922742
-0.25681748
-0.26428661
-0.2634087
-0.74250195
-0.76099042
-0.76809866
-0.7480009
-0.75201797
-0.74522827
-0.74493007
-0.74367083
-0.74231428
-0.74216536
-0.73778999
-0.72607994
-0.73073796
-0.73275193
-0.72210491
-0.71953972
-0.71613614
-0.70439921
-0.71132107
-0.68409971
-0.67870814
-0.66836241
-0.69488746
-0.63151645
-0.61730653
-0.59184643
-0.65446235
-0.649508
-0.5540083
-0.56937394
-0.54049212
-0.5725697
-0.4325197
-0.43539015
-0.42148449
-0.5378428
-0.52143935
-0.50272072
-0.51327682
-0.46096531
-0.44679588
-0.48420684
-0.4906111
-0.47435911
-0.46549123
-0.44176818
-0.40915944
-0.39667709
-0.39308432
-0.37540192
-0.38237396
-0.38365222
-0.36422293
-0.37016866
-0.34271981
-0.34025357
-0.33276291
-0.33675394
-0.35730051
-0.34876227
-0.34578623
-0.32301008
-0.31250844
-0.3162543
-0.3067681
-0.30153225
-0.29548462
-0.29194956
-0.32608588
-0.27911608
-0.28108832
-0.27726139
-0.28415351
-0.28738397
-0.26990912
-0.27408554
-0.2588291
-0.25766105
-0.2560993
-0.2560762
-0.26668429
-0.26400129
-0.26180168
-0.25305377
-0.25350725
-0.25628182
-0.25961188
-0.25848803
-0.2572127
-0.26739651
-0.26427828
-0.7609991
-0.7452875
-0.76031612
-0.75330506
-0.74306129
-0.73423806
-0.74323985
-0.74370544
-0.7338399
-0.73928849
-0.72559953
-0.73078532
-0.7316531
-0.72567383
-0.71865342
-0.71545014
-0.70378973
-0.71092729
-0.68904021
-0.67506399
-0.66601311
-0.69875735
-0.63914265
-0.62096242
-0.59491687
-0.61806627
-0.65963467
-0.64692908
-0.54574899
-0.56519156
-0.54503899
-0.58320417
-0.57353636
-0.42864101
-0.43623791
-0.41964615
-0.52930385
-0.52395208
-0.49767733
-0.50462925
-0.5107165
-0.46043772
-0.45074351
-0.44307358
-0.4819993
-0.48658404
-0.47267024
-0.46348582
-0.44134157
-0.40766827
-0.41632082
-0.39949639
-0.39396432
-0.39243423
-0.3721175
-0.37931885
-0.38428742
-0.36640783
-0.36219635
-0.34038522
-0.33879695
-0.32894249
-0.33422438
-0.35815627
-0.3499368
-0.34933343
-0.34383304
-0.32006095
-0.30934577
-0.31715586
-0.30401105
-0.29924007
-0.29767928
-0.29445002
-0.29052831
-0.32589854
-0.27999721
-0.28239056
-0.2757129
-0.28503573
-0.28673821
-0.28718826
-0.2708721
-0.27259309
-0.26052878
-0.2573729
-0.25664238
-0.25573578
-0.26791553
-0.265356
-0.26319181
-0.25549413
-0.25545986
-0.25641607
-0.26309123
-0.26126342
-0.25951689
-0.26751782
-0.26604103
-0.76508837
-0.75467074
-0.76780652
-0.74840776
-0.73725027
-0.74156629
-0.7440936
-0.73397206
-0.73805082
-0.72740003
-0.72972883
-0.73556675
-0.72455478
-0.72128189
-0.71867879
-0.70664936
-0.71353262
-0.6903152
-0.67696334
-0.67034267
-0.69902128
-0.64038221
-0.622853
-0.63520885
-0.60048868
-0.60471855
-0.60500534
-0.65768938
-0.65159661
-0.54850427
-0.56068562
-0.53712308
-0.57849836
-0.56937121
-0.57635791
-0.42847467
-0.43229659
-0.42083757
-0.53529682
-0.5255082
-0.49659565
-0.50966131
-0.52425836
-0.51807043
-0.4564255
-0.45395266
-0.44392419
-0.47911947
-0.48415966
-0.4682445
-0.46119212
-0.43613425
-0.40577862
-0.40908261
-0.41648191
-0.40029163
-0.39449757
-0.39083648
-0.37225943
-0.37806135
-0.3844766
-0.3668072
-0.35828544
-0.34025748
-0.336438
-0.32970963
-0.3322465
-0.35842172
-0.35789629
-0.34347315
-0.34241287
-0.3209993
-0.31005612
-0.31421254
-0.3049157
-0.3003083
-0.29503284
-0.29330328
-0.29052955
-0.28984985
-0.32335878
-0.27821517
-0.28060991
-0.27651144
-0.28331774
-0.28462162
-0.28665349
-0.26953756
-0.27334113
-0.26012302
-0.25911945
-0.25818558
-0.2578303
-0.26681046
-0.26443759
-0.26266861
-0.25622511
-0.25841131
-0.26225899
-0.26084064
-0.25935058
-0.26821651
-0.76550636
-0.73946578
-0.75342098
-0.74698539
-0.74224355
-0.73949184
-0.74424594
-0.74766158
-0.73686824
-0.74007599
-0.72798774
-0.73107199
-0.73576216
-0.72621245
-0.72012545
-0.71870952
-0.7069979
-0.7137058
-0.68603519
-0.69469898
-0.6754876
-0.66868545
-0.70111029
-0.64610088
-0.62854737
-0.62934882
-0.58967149
-0.59610282
-0.60104941
-0.66312792
-0.65025964
-0.56076399
-0.55771548
-0.53712152
-0.5815006
-0.56546433
-0.58062522
-0.42546466
-0.43218582
-0.41596935
-0.53407962
-0.52430876
-0.50448676
-0.49099565
-0.51853938
-0.51423981
-0.51903069
-0.51741741
-0.45414516
-0.45131366
-0.43550787
-0.47453702
-0.49124766
-0.47858683
-0.46777353
-0.45591942
-0.43955386
-0.4042016
-0.41319299
-0.40580743
-0.40221222
-0.39863272
-0.39348993
-0.38655257
-0.37141046
-0.37573876
-0.38118279
-0.3852233
-0.36848443
-0.35794051
-0.34105808
-0.33497831
-0.32730268
-0.33170506
-0.31852916
-0.31325794
-0.30737909
-0.31643538
-0.30244269
-0.29813932
-0.29545981
-0.29228347
-0.2884527
-0.28718784
-0.32423239
-0.27888669
-0.28032041
-0.27496588
-0.28180083
-0.28486612
-0.28549476
-0.27041197
-0.27204358
-0.26155374
-0.2591136
-0.25825644
-0.25897347
-0.25826611
-0.26781196
-0.26538495
-0.2635574
-0.2580189
-0.25855118
-0.26484528
-0.26302779
-0.2612512
-0.2671225
-0.75813465
-0.76522686
-0.74875994
-0.74744495
-0.74120133
-0.7449206
-0.74569685
-0.73941486
-0.74366791
-0.72885951
-0.73309548
-0.73672496
-0.72643088
-0.72275582
-0.71843683
-0.7098894
-0.7150812
-0.68161894
-0.69654079
-0.67999776
-0.67312524
-0.70501936
-0.64385175
-0.62970844
-0.63514748
-0.60193302
-0.58201881
-0.62359224
-0.61254488
-0.66181122
-0.65632772
-0.56133273
-0.55581122
-0.54988
-0.58423909
-0.56468872
-0.55311618
-0.58968652
-0.58078952
-0.42554223
-0.42981283
-0.41692044
-0.52072228
-0.52886153
-0.52279323
-0.45160484
-0.44973412
-0.42903243
-0.46687803
-0.47231913
-0.47596079
-0.45004482
-0.454337
-0.44542326
-0.41644493
-0.40191624
-0.40015304
-0.39588891
-0.39077603
-0.38774918
-0.36862135
-0.37241837
-0.38126486
-0.38535628
-0.3682291
-0.3688883
-0.33455314
-0.33337531
-0.32649159
-0.33180215
-0.31990054
-0.31193042
-0.30723302
-0.31411302
-0.30291452
-0.29914811
-0.29729227
-0.29423926
-0.29239696
-0.28864795
-0.28750459
-0.3222249
-0.27729237
-0.27892241
-0.27557247
-0.28187707
-0.28349203
-0.28442233
-0.26924167
-0.27263182
-0.26157625
-0.26082864
-0.26014581
-0.2599044
-0.2596994
-0.26661671
-0.26463371
-0.26299596
-0.26012963
-0.264264
-0.26236987
-0.26099668
-0.26943795
-0.76051428
-0.77474213
-0.75679074
-0.74442363
-0.74825217
-0.75000792
-0.73764733
-0.74050283
-0.74400256
-0.72969517
-0.73372226
-0.73744193
-0.72736901
-0.72692097
-0.72024803
-0.71787916
-0.71174214
-0.71563498
-0.6829265
-0.69255519
-0.6994612
-0.67927158
-0.67169791
-0.70364594
-0.70941495
-0.65606559
-0.62478097
-0.64045178
-0.61743045
-0.61778199
-0.61945816
-0.59757081
-0.66617756
-0.65390684
-0.54667151
-0.56673533
-0.55849102
-0.54763483
-0.56798924
-0.42373078
-0.42553636
-0.41164324
-0.51771276
-0.52720883
-0.45252076
-0.45840287
-0.42324853
-0.42062233
-0.3995186
-0.40178612
-0.39839597
-0.39479459
-0.39010842
-0.38929269
-0.3709403
-0.37152538
-0.38360422
-0.38356352
-0.3871706
-0.32703973
-0.32540259
-0.31853034
-0.30940501
-0.30495353
-0.31425252
-0.30090869
-0.29745385
-0.2955384
-0.29405762
-0.29074968
-0.29050303
-0.28734879
-0.28599358
-0.32287312
-0.27739346
-0.27904581
-0.27432231
-0.28053334
-0.28316607
-0.28449473
-0.27006029
-0.27174927
-0.26188797
-0.2602177
-0.25967078
-0.26005279
-0.26006381
-0.26734886
-0.26540824
-0.26417812
-0.26640094
-0.2639712
-0.26242534
-0.26821329
-0.75865578
-0.76260742
-0.75601994
-0.74593511
-0.74870547
-0.75432499
-0.73836674
-0.74011196
-0.74624767
-0.73135585
-0.7349513
-0.73698801
-0.72938203
-0.724137
-0.72720484
-0.72144228
-0.72126573
-0.71445508
-0.71784116
-0.68557894
-0.69064909
-0.69937263
-0.68388862
-0.67575471
-0.70614383
-0.70689625
-0.65325464
-0.64343786
-0.63849624
-0.63957041
-0.61020031
-0.63395505
-0.66475236
-0.65847272
-0.53532692
-0.42239439
-0.42683188
-0.40632155
-0.31799298
-0.31642716
-0.30937496
-0.3043462
-0.31294127
-0.30147846
-0.29612421
-0.29715921
-0.29292606
-0.29171867
-0.28941561
-0.28696613
-0.2859813
-0.3230567
-0.27606079
-0.27779987
-0.27448937
-0.28044787
-0.28190758
-0.28319466
-0.26827604
-0.27137109
-0.26166637
-0.26134307
-0.26080163
-0.26147624
-0.26131551
-0.2665331
-0.26504009
-0.26329399
-0.26537404
-0.26334852
-0.26216367
-0.76031027
-0.76421487
-0.74898127
-0.75217182
-0.75736418
-0.74350877
-0.74416638
-0.74781777
-0.7328465
-0.73656556
-0.73945033
-0.73074459
-0.72717415
-0.72692555
-0.72376042
-0.72155604
-0.71312378
-0.72118724
-0.68531261
-0.69482886
-0.70317446
-0.68177389
-0.67496055
-0.70618018
-0.70916637
-0.63703827
-0.63176721
-0.64741878
-0.63488713
-0.64889606
-0.66874243
-0.66221743
-0.4294792
-0.31734681
-0.31858008
-0.31644148
-0.30738206
-0.31117979
-0.30549095
-0.30317236
-0.31314238
-0.30110345
-0.29456774
-0.29807577
-0.29635046
-0.29308875
-0.29042547
-0.28828016
-0.28580122
-0.28461227
-0.27636423
-0.27780774
-0.27313339
-0.27921866
-0.28183675
-0.2831407
-0.26891526
-0.27024471
-0.26293258
-0.26332669
-0.26140623
-0.26133227
-0.26115414
-0.26679961
-0.26457546
-0.26377054
-0.26665556
-0.26443705
-0.26322996
-0.76032261
-0.76783019
-0.75061187
-0.75528142
-0.74572228
-0.74879335
-0.75151215
-0.73427554
-0.73742104
-0.74232084
-0.73162893
-0.72765171
-0.72912899
-0.72463418
-0.722886
-0.71263428
-0.71969992
-0.72236186
-0.69144738
-0.69762543
-0.70225328
-0.68502485
-0.67658906
-0.70712839
-0.71091568
-0.63438177
-0.64695598
-0.620748
-0.66036486
-0.67216331
-0.6511105
-0.66993366
-0.31530818
-0.30688803
-0.31149388
-0.31245817
-0.2950128
-0.29165461
-0.29037648
-0.28810877
-0.28575706
-0.28441717
-0.27514803
-0.27660089
-0.27382364
-0.27916353
-0.28056982
-0.28183417
-0.27095935
-0.26805764
-0.27206627
-0.26246741
-0.26216199
-0.26151426
-0.26104861
-0.26215018
-0.26588495
-0.26420341
-0.26343771
-0.26554433
-0.26760508
-0.26583239
-0.26400769
-0.2631405
-0.76512144
-0.75438437
-0.7589066
-0.74464601
-0.74691343
-0.7499311
-0.75351932
-0.73560009
-0.73894704
-0.74336906
-0.73342031
-0.72959344
-0.73008138
-0.72620386
-0.7243612
-0.71553473
-0.71750578
-0.72250827
-0.69005804
-0.69717372
-0.69941568
-0.70132087
-0.68352391
-0.68029099
-0.71215027
-0.71258488
-0.66068819
-0.68070979
-0.31126292
-0.29469335
-0.29105173
-0.28927505
-0.28699636
-0.28469023
-0.28301927
-0.27524363
-0.27657779
-0.27306817
-0.27797498
-0.28045665
-0.2816516
-0.26980763
-0.26784447
-0.27048479
-0.2620909
-0.26280423
-0.26163934
-0.26155524
-0.26312829
-0.2663027
-0.2656659
-0.26319933
-0.26442221
-0.26567449
-0.26442066
-0.26375011
-0.76174208
-0.75719917
-0.74503288
-0.74837593
-0.75297356
-0.75714536
-0.73691929
-0.74093824
-0.74407984
-0.73480471
-0.72966939
-0.73210508
-0.72783401
-0.72614933
-0.71762439
-0.71969951
-0.7248102
-0.6874729
-0.69256092
-0.70029301
-0.7112787
-0.70562223
-0.6826143
-0.66980792
-0.68823929
-0.71299225
-0.7144709
-0.29170559
-0.28998487
-0.2889978
-0.2869469
-0.28380766
-0.28494627
-0.2825843
-0.27424441
-0.27546611
-0.27305163
-0.27786365
-0.27924742
-0.28045639
-0.26888464
-0.26709592
-0.27058291
-0.26246048
-0.26272645
-0.26219829
-0.26306875
-0.26296505
-0.26606932
-0.26406827
-0.26389181
-0.2631015
-0.26520594
-0.26377339
-0.26348464
-0.76615917
-0.76031587
-0.75019017
-0.75076354
-0.7550847
-0.76038455
-0.7384859
-0.74242508
-0.74636834
-0.73613384
-0.72919105
-0.73544254
-0.72920899
-0.72692547
-0.71844651
-0.72093132
-0.72534587
-0.69596117
-0.69599919
-0.70408344
-0.70719258
-0.70543572
-0.69395269
-0.68802036
-0.69729689
-0.71256368
-0.71617286
-0.28811962
-0.28619349
-0.28329157
-0.28422734
-0.28149278
-0.27421045
-0.27531666
-0.27181167
-0.27677259
-0.27906282
-0.28029887
-0.26884005
-0.26700162
-0.26979777
-0.26246047
-0.26273306
-0.26287777
-0.26239787
-0.26586391
-0.26424104
-0.26381647
-0.26293348
-0.26668333
-0.26455549
-0.26260057
-0.76502798
-0.75335954
-0.75428918
-0.7587528
-0.76451593
-0.74026313
-0.74391108
-0.74736901
-0.73798272
-0.73147351
-0.7337012
-0.73624833
-0.72994575
-0.72943294
-0.72000758
-0.72317145
-0.72721637
-0.69997027
-0.69898133
-0.70155319
-0.70949898
-0.71092432
-0.69198638
-0.67616935
-0.71470244
-0.71664135
-0.28240187
-0.28128051
-0.27305483
-0.27389928
-0.27175852
-0.27642973
-0.27767156
-0.27926972
-0.26789367
-0.26634685
-0.26971121
-0.26242755
-0.26274892
-0.26271087
-0.26257378
-0.2647358
-0.26411601
-0.26331263
-0.26294375
-0.26595813
-0.26540824
-0.26264483
-0.26329433
-0.75045976
-0.75362922
-0.75635193
-0.76121436
-0.74177706
-0.74515708
-0.74854405
-0.73952041
-0.73296444
-0.73285301
-0.73705516
-0.72970486
-0.72904619
-0.72062076
-0.72400739
-0.72843188
-0.69443555
-0.69944946
-0.69961361
-0.71213019
-0.71204568
-0.71187115
-0.69891968
-0.707485
-0.71598804
-0.71841506
-0.28056106
-0.27278326
-0.27369923
-0.27110385
-0.27526813
-0.27746445
-0.27944194
-0.27864287
-0.26772671
-0.26604827
-0.26852852
-0.26269575
-0.26262918
-0.262634
-0.26442458
-0.26411511
-0.26294862
-0.26251915
-0.26492327
-0.26298712
-0.26465712
-0.75132732
-0.75578532
-0.75939705
-0.74382046
-0.74726062
-0.75139173
-0.74049102
-0.73373604
-0.73469642
-0.73840376
-0.73397371
-0.72995554
-0.72285442
-0.72627256
-0.73106378
-0.69645674
-0.69993974
-0.705698
-0.71420492
-0.70630915
-0.7106263
-0.69523565
-0.71768679
-0.71939923
-0.27182087
-0.27518238
-0.27279989
-0.27033309
-0.27577872
-0.27670676
-0.27865647
-0.27789315
-0.26655185
-0.26464062
-0.26771885
-0.26254588
-0.26286551
-0.26295465
-0.2646569
-0.26300598
-0.26287878
-0.26247994
-0.26395225
-0.2640098
-0.26239681
-0.75310027
-0.75760861
-0.76172118
-0.74460119
-0.7497397
-0.75455496
-0.74177052
-0.73508118
-0.73629252
-0.73961731
-0.7338414
-0.7368471
-0.73112375
-0.72351215
-0.72650275
-0.72973001
-0.69643742
-0.70155418
-0.70694513
-0.71457512
-0.70806402
-0.71321578
-0.71836326
-0.7214739
-0.27161102
-0.2741865
-0.27249557
-0.26894305
-0.27483131
-0.27616146
-0.27711703
-0.26580737
-0.26372849
-0.26721411
-0.26967918
-0.26304575
-0.26221827
-0.2633435
-0.26273378
-0.26246607
-0.26218238
-0.26403961
-0.26367578
-0.26266017
-0.75606203
-0.76025084
-0.74410676
-0.74916179
-0.74725165
-0.75318945
-0.75517062
-0.74329825
-0.73712001
-0.73784447
-0.74102493
-0.73488009
-0.73386038
-0.73121676
-0.72670903
-0.72568363
-0.72698023
-0.68574176
-0.70583487
-0.70531249
-0.71676186
-0.71175612
-0.7145065
-0.72079297
-0.72168045
-0.2707576
-0.2734186
-0.2719731
-0.26996602
-0.27441726
-0.27540644
-0.26631757
-0.26770742
-0.26610371
-0.26491041
-0.26754139
-0.26848525
-0.26148507
-0.26206198
-0.26314602
-0.26432016
-0.26304923
-0.26253547
-0.26226307
-0.2640042
-0.26362155
-0.26413147
-0.75796291
-0.7456715
-0.751158
-0.74753769
-0.75267477
-0.75616335
-0.74419449
-0.73821185
-0.73920155
-0.74204272
-0.73597366
-0.73589852
-0.73610476
-0.72538629
-0.73223932
-0.73410163
-0.73689083
-0.71598481
-0.70445035
-0.69506043
-0.71747456
-0.72290763
-0.71637911
-0.7165279
-0.72000976
-0.72124721
-0.27131727
-0.27124552
-0.27292708
-0.27151395
-0.26892604
-0.27376278
-0.26516377
-0.26611948
-0.2645003
-0.26375313
-0.26653567
-0.26824389
-0.26135341
-0.26219402
-0.26387817
-0.26266221
-0.26202053
-0.26176776
-0.26177493
-0.26245465
-0.26215261
-0.7477256
-0.75284995
-0.74904616
-0.75422127
-0.75776912
-0.74528772
-0.73754781
-0.74168093
-0.74264517
-0.73628356
-0.73730316
-0.73599104
-0.72221207
-0.73326741
-0.73337265
-0.73359019
-0.7325499
-0.71585908
-0.7099648
-0.72753652
-0.26987294
-0.2703294
-0.27238711
-0.27084086
-0.26830277
-0.26591137
-0.26447369
-0.26408641
-0.26423115
-0.26605058
-0.26747081
-0.26281227
-0.26252153
-0.26221506
-0.26258252
-0.26228178
-0.26230594
-0.26126456
-0.26263275
-0.26180969
-0.74836584
-0.7537148
-0.75048211
-0.75584068
-0.74658566
-0.73873078
-0.74055581
-0.74625788
-0.73745516
-0.7397592
-0.73611729
-0.72982679
-0.72854398
-0.73241987
-0.73408039
-0.73379883
-0.73548286
-0.72791218
-0.26916105
-0.26996543
-0.26802268
-0.26527319
-0.26415953
-0.26359532
-0.26284716
-0.26680298
-0.26582647
-0.26178506
-0.26223844
-0.26183826
-0.26126028
-0.26042553
-0.26120805
-0.26197709
-0.26151184
-0.74959205
-0.75486923
-0.75190402
-0.74810342
-0.74028549
-0.73928917
-0.74706699
-0.74639046
-0.73754066
-0.73863194
-0.73728584
-0.72953995
-0.73155851
-0.73299974
-0.7351346
-0.73500992
-0.26863289
-0.26946463
-0.26742137
-0.2647291
-0.26376056
-0.2635413
-0.2619162
-0.26619716
-0.26518461
-0.26153222
-0.26229721
-0.26348765
-0.26174671
-0.26104468
-0.25986543
-0.26136318
-0.26255281
-0.26206144
-0.75060131
-0.75298805
-0.75035436
-0.74033514
-0.74313551
-0.74640047
-0.74342406
-0.73940976
-0.73664173
-0.73847819
-0.73606358
-0.26830906
-0.26700622
-0.26412378
-0.26322442
-0.26321248
-0.26293328
-0.26599032
-0.26486421
-0.26106897
-0.26129518
-0.26175056
-0.26100187
-0.26081307
-0.26109304
-0.26018322
-0.26019039
-0.75100016
-0.75427946
-0.74897837
-0.74441177
-0.7435775
-0.74744208
-0.74491689
-0.74045304
-0.74513261
-0.74178962
-0.73924614
-0.26385299
-0.26292607
-0.26261617
-0.26209083
-0.26132339
-0.26171614
-0.26093321
-0.26112646
-0.26033147
-0.26039002
-0.75430342
-0.74769845
-0.74426192
-0.7450823
-0.74930167
-0.74660371
-0.7414318
-0.74079082
-0.7417451
-0.2621348
-0.26156113
-0.26043837
-0.26094756
-0.2601029
-0.26022145
-0.25969022
-0.75497939
-0.75176214
-0.74346217
-0.7460932
-0.74915596
-0.74923513
-0.74073387
-0.74177143
-0.7425829
-0.26168433
-0.26061174
-0.26114299
-0.26033388
-0.2600629
-0.74439082
-0.74578378
-0.74747274
-0.74287875
-0.74289638
-0.74539862
-0.74612059
-0.74583728
-0.74379609
-0.74564009
-0.74835041
-0.75084917
-0.74793911
)
;

boundaryField
{
    inlet
    {
        type            zeroGradient;
    }
    outlet
    {
        type            fixedValue;
        value           uniform 0;
    }
    top
    {
        type            zeroGradient;
    }
    bottom
    {
        type            zeroGradient;
    }
    cylinder
    {
        type            zeroGradient;
    }
    jet1
    {
        type            zeroGradient;
    }
    jet2
    {
        type            zeroGradient;
    }
    frontAndBack
    {
        type            empty;
    }
    procBoundary1to0
    {
        type            processor;
        value           nonuniform List<scalar> 
96
(
0.3451718
0.3451718
0.36201991
0.33523411
0.30320603
0.30261927
0.25126841
0.23224066
0.18900465
0.16439044
0.11099156
0.083145074
0.023303141
-0.028579556
-0.051975326
-0.12036436
0.080168912
-0.14175269
-0.17640533
0.080168912
0.056748748
0.10499184
-0.17640533
0.0076895935
-0.21649943
0.00047996274
-0.23109834
-0.068064634
-0.23634575
-0.097812922
-0.26008307
-0.16680917
-0.23678288
-0.26733154
-0.27845802
-0.3691576
-0.26535391
-0.41173781
-0.48522965
-0.26876348
-0.48522965
-0.58758199
-0.27705551
-0.62467959
-0.26801556
-0.69611642
-0.73197557
-0.2700974
-0.74584136
-0.76046784
-0.27039263
-0.76728242
-0.27046058
-0.77137731
-0.2701224
-0.77362491
-0.27132121
-0.76071013
-0.26931942
-0.26931942
-0.77548468
-0.26962667
-0.77706426
-0.26769461
-0.76752524
-0.26626865
-0.77242532
-0.76387476
-0.26606513
-0.76484087
-0.26565832
-0.76484087
-0.76444669
-0.26570566
-0.76248476
-0.26299115
-0.75962877
-0.26303059
-0.75962877
-0.75914543
-0.75753226
-0.26284644
-0.75575226
-0.26120152
-0.75575226
-0.26127261
-0.2605515
-0.75589177
-0.25956125
-0.75542381
-0.26018761
-0.75193127
-0.75189124
-0.75266631
-0.75402504
-0.75047363
)
;
    }
}


// ************************************************************************* //
