/*--------------------------------*- C++ -*----------------------------------*\
| =========                 |                                                 |
| \\      /  F ield         | OpenFOAM: The Open Source CFD Toolbox           |
|  \\    /   O peration     | Version:  2112                                  |
|   \\  /    A nd           | Website:  www.openfoam.com                      |
|    \\/     M anipulation  |                                                 |
\*---------------------------------------------------------------------------*/
FoamFile
{
    version     2.0;
    format      ascii;
    arch        "LSB;label=32;scalar=64";
    class       labelList;
    location    "constant/polyMesh";
    object      cellProcAddressing;
}
// * * * * * * * * * * * * * * * * * * * * * * * * * * * * * * * * * * * * * //


8100
(
4582
4620
4657
4658
4619
4696
4621
4697
4656
4735
4736
4583
4659
4737
4694
4695
4777
4778
4698
4779
4733
4734
4819
4821
4822
4738
4823
4774
4775
4776
4865
4867
4868
4780
4869
4817
4818
4820
4910
4913
4915
4916
4917
4824
4918
4816
4862
4863
4864
4866
4961
4965
4966
4967
4968
4870
4969
4861
4909
4911
4912
4914
5012
5016
5017
5018
5019
5020
4919
5021
4908
4960
4962
4963
4964
5065
5069
5070
5071
5072
5073
5074
4970
5075
4959
5011
5013
5014
5015
5120
5124
5125
5126
5127
5128
5129
5130
5131
5022
5132
4957
5010
5064
5066
5067
5068
5177
5182
5183
5184
5185
5186
5187
5188
5189
5076
5190
5008
5063
5119
5121
5122
5123
5237
5242
5243
5244
5245
5246
5247
5248
5249
5250
5133
5251
5061
5118
5176
5178
5179
5180
5181
5298
5303
5304
5305
5306
5307
5308
5309
5310
5311
5191
5312
5116
5175
5236
5238
5239
5240
5241
5361
5366
5367
5368
5369
5370
5371
5372
5373
5374
5375
5252
5376
5062
5173
5235
5297
5299
5300
5301
5302
5427
5432
5433
5434
5435
5436
5437
5438
5439
5440
5441
5313
5442
5117
5233
5296
5360
5362
5363
5364
5365
5494
5499
5500
5501
5502
5503
5504
5505
5506
5507
5508
5509
5377
5510
5174
5294
5359
5426
5428
5429
5430
5431
5564
5570
5571
5572
5573
5574
5575
5576
5577
5578
5579
5580
5443
5581
5234
5357
5425
5493
5495
5496
5497
5498
5633
5639
5640
5641
5642
5643
5644
5645
5646
5647
5648
5649
5650
5511
5651
5293
5295
5423
5492
5563
5565
5566
5567
5568
5569
5705
5712
5713
5714
5715
5716
5717
5718
5719
5720
5721
5722
5723
5582
5724
5356
5358
5490
5562
5632
5634
5635
5636
5637
5638
5784
5791
5792
5793
5794
5795
5796
5797
5798
5799
5800
5801
5802
5803
5804
5652
5805
5421
5422
5424
5560
5631
5704
5706
5707
5708
5709
5710
5711
5868
5875
5876
5877
5878
5879
5880
5881
5882
5883
5884
5885
5886
5887
5888
5725
5726
5889
5488
5489
5491
5629
5703
5783
5785
5786
5787
5788
5789
5790
5957
5965
5966
5967
5968
5969
5970
5971
5972
5973
5974
5975
5976
5977
5978
5979
5806
5807
5980
5558
5559
5561
5701
5782
5867
5869
5870
5871
5872
5873
5874
6044
6052
6053
6054
6055
6056
6057
6058
6059
6060
6061
6062
6063
6064
6065
6066
5890
5891
6067
5627
5628
5630
5780
5866
5956
5958
5959
5960
5961
5962
5963
5964
6134
6143
6144
6145
6146
6147
6148
6149
6150
6151
6152
6153
6154
6155
6156
6157
6158
6159
5625
5699
5700
5702
5864
5955
6043
6045
6046
6047
6048
6049
6050
6051
6141
6228
6238
6239
6240
6241
6242
6243
6244
6245
6246
6247
6248
6249
6250
6251
6252
6253
6254
6255
5696
5778
5779
5781
5953
6042
6133
6135
6136
6137
6138
6139
6140
6142
6236
6328
6329
6340
6341
6342
6343
6344
6345
6346
6347
6348
6349
6350
6351
6352
6353
6354
6355
5775
5858
5862
5863
5865
6040
6132
6227
6229
6230
6231
6232
6233
6234
6235
6237
6338
6428
6429
6443
6444
6445
6446
6447
6448
6449
6450
6451
6452
6453
6454
6455
6456
6457
6458
6459
5859
5947
5951
5952
5954
6130
6226
6327
6330
6331
6332
6333
6334
6335
6336
6337
6339
6441
6539
6540
6554
6555
6556
6557
6558
6559
6560
6561
6562
6563
6564
6565
6566
6567
6568
6569
6570
5861
5948
6034
6038
6039
6041
6224
6326
6430
6431
6432
6433
6434
6435
6436
6437
6438
6439
6440
6442
6552
6652
6653
6669
6670
6671
6672
6673
6674
6675
6676
6677
6678
6679
6680
6681
6682
6683
6684
6685
6686
6687
5777
5950
6035
6124
6128
6129
6131
6324
6427
6541
6542
6538
6543
6544
6545
6546
6547
6548
6549
6550
6551
6553
6668
6775
6776
6791
6792
6793
6794
6795
6796
6797
6798
6799
6800
6801
6802
6803
6804
6805
6806
6807
6808
5949
6037
6125
6218
6222
6223
6225
6425
6654
6655
6651
6656
6657
6658
6659
6660
6661
6662
6663
6664
6665
6666
6667
6790
6897
6898
6899
6914
6915
6916
6917
6918
6919
6920
6921
6922
6923
6924
6925
6926
6927
6928
6929
6930
6931
6932
6036
6127
6219
6318
6322
6323
6325
6535
6777
6774
6648
6778
6779
6780
6781
6782
6783
6784
6785
6786
6787
6788
6789
6913
7025
7026
7027
7042
7043
7044
7045
7046
7047
7048
7049
7050
7051
7052
7053
7054
7055
7056
7057
7058
7059
7060
7061
6126
6221
6319
6418
6419
6423
6424
6426
6536
6900
6896
6771
6901
6902
6903
6904
6905
6906
6907
6908
6909
6910
6911
6912
7041
7155
7156
7157
7175
7176
7177
7178
7179
7180
7181
7182
7183
7184
7185
7186
7187
7188
7189
7190
7191
7192
7193
7194
7195
7196
6220
6321
6420
6528
6529
6533
6534
6537
6649
7024
7020
6772
6893
7028
7029
7030
7031
7032
7033
7034
7035
7036
7037
7038
7039
7040
7173
7174
7298
7299
7300
7319
7320
7321
7322
7323
7324
7325
7326
7327
7328
7329
7330
7331
7332
7333
7334
7335
7336
7337
7338
7339
7340
6316
6320
6421
6530
6641
6642
6646
6647
6650
7154
7150
6894
7021
7158
7159
7160
7161
7162
7163
7164
7165
7166
7167
7168
7169
7170
7171
7172
7317
7318
7448
7449
7450
7469
7470
7471
7472
7473
7474
7475
7476
7477
7478
7479
7480
7481
7482
7483
7484
7485
7486
7487
7488
7489
7490
7491
7492
7493
6416
6422
6531
6643
6764
6765
6769
6770
6773
7294
7151
6895
7022
7301
7302
7303
7304
7305
7306
7307
7308
7309
7310
7311
7312
7313
7314
7315
7316
7467
7468
7607
7608
7609
7628
7629
7630
7631
7632
7633
7634
7635
7636
7637
7638
7639
7640
7641
7642
7643
7644
7645
7646
7647
7648
7649
7650
7651
7652
7653
6417
6526
6532
6644
6766
6885
6886
6887
6891
6892
7443
7295
7023
7152
7451
7452
7453
7454
7455
7456
7457
7458
7459
7460
7461
7462
7463
7464
7465
7466
7626
7627
7772
7773
7774
7775
7794
7795
7796
7797
7798
7799
7800
7801
7802
7803
7804
7805
7806
7807
7808
7809
7810
7811
7812
7813
7814
7815
7816
7817
7818
7819
6527
6639
6645
6767
6888
7012
7013
7014
7018
7019
7444
7296
7149
7153
7610
7611
7612
7613
7614
7615
7616
7617
7618
7619
7620
7621
7622
7623
7624
7625
7792
7793
7946
7947
7948
7949
7971
7972
7973
7974
7975
7976
7977
7978
7979
7980
7981
7982
7983
7984
7985
7986
7987
7988
7989
7990
7991
7992
7993
7994
7995
7996
7997
7998
7999
6640
6761
6762
6768
6889
7015
7141
7142
7143
7147
7148
7603
7445
7293
7297
7776
7777
7778
7779
7780
7781
7782
7783
7784
7785
7768
7786
7787
7788
7789
7790
7791
7969
7970
8130
8131
8132
8133
8134
8135
8159
8160
8161
8162
8163
8164
8165
8166
8167
8168
8169
8170
8171
8172
8173
8174
8175
8176
8177
8178
8179
8180
8181
8182
8183
8184
8185
8186
8187
8188
8189
6763
6882
6883
6890
7016
7144
7285
7286
7287
7291
7292
7604
7447
7442
7446
7950
7951
7952
7953
7954
7955
7956
7957
7958
7959
7960
7942
7961
7962
7963
7964
7965
7966
7967
7968
8155
8157
8158
8332
8333
8334
8335
8336
8337
8362
8363
8364
8365
8366
8367
8368
8369
8370
8371
8372
8373
8374
8375
8376
8377
8378
8379
8380
8381
8382
8383
8384
8385
8386
8387
8388
8389
8390
8391
8392
8393
6881
6884
7009
7010
7017
7145
7288
7434
7435
7436
7440
7441
7769
7606
7602
7605
8136
8137
8138
8139
8140
8141
8126
8142
8143
8144
8145
8146
7943
8147
8148
8149
8150
8151
8152
8153
8154
8156
8358
8360
8361
8544
8545
8546
8547
8548
8549
8550
8576
8577
8578
8579
8580
8581
8582
8583
8584
8585
8586
8587
8588
8589
8590
8591
8592
8593
8594
8595
8596
8597
8598
8599
8600
8601
8602
8603
8604
8605
8606
8607
8608
8609
8610
8611
7008
7011
7138
7139
7146
7289
7437
7593
7594
7595
7600
7601
7771
7770
7767
8338
8339
8340
8341
8342
8343
8328
8344
8345
8346
8347
8348
8127
8349
8350
8351
8352
8353
8354
8355
8356
8357
8359
8571
8572
8575
8776
8777
8778
8779
8780
8781
8782
8809
8810
8811
8812
8813
8814
8815
8816
8817
8818
8819
8820
8821
8822
8823
8824
8825
8826
8827
8828
8829
8830
8831
8832
8833
8834
8835
8836
8837
8838
8839
8840
8841
8842
8843
8844
7137
7140
7282
7283
7290
7438
7596
7757
7758
7759
7765
7766
7945
7944
7941
8551
8552
8553
8554
8555
8556
8329
8557
8558
8559
8560
8561
8129
8562
8563
8564
8565
8566
8567
8568
8569
8570
8573
8574
8804
8805
8808
9016
9017
9018
9019
9020
9021
9022
9023
9054
9055
9056
9057
9058
9059
9060
9061
9062
9063
9064
9065
9066
9067
9068
9069
9070
9071
9072
9073
9074
9075
9076
9077
9078
9079
9080
9081
9082
9083
9084
9085
9086
9087
9088
9089
9090
9091
9092
7281
7284
7431
7432
7439
7597
7760
7930
7931
7932
7938
7939
7940
8128
8125
8783
8784
8785
8786
8787
8788
8541
8773
8789
8790
8791
8792
8793
8331
8794
8795
8796
8797
8798
8799
8800
8801
8802
8803
8806
8807
9048
9049
9050
9053
9272
9273
9274
9275
9276
9277
9278
9279
9313
9314
9315
9316
9317
9318
9319
9320
9321
9322
9323
9324
9325
9326
9327
9328
9329
9330
9331
9332
9333
9334
9335
9336
9337
9338
9339
9340
9341
9342
9343
9344
9345
9346
9347
9348
9349
9350
9351
9352
9353
7429
7430
7433
7590
7591
7598
7599
7761
7933
8114
8115
8116
8122
8123
8124
8330
8327
9024
9025
9026
9027
9028
9029
9030
8543
9013
9031
9032
9033
9034
9035
8542
9036
9037
9038
9039
9040
9041
9042
9043
9044
9045
9046
9047
9051
9052
9307
9308
9309
9312
9529
9530
9531
9532
9533
9534
9535
9536
9537
9538
9572
9573
9574
9575
9576
9577
9578
9579
9580
9581
9582
9583
9584
9585
9586
9587
9588
9589
9590
9591
9592
9593
9594
9595
9596
9597
9598
9599
9600
9601
9602
9603
9604
9605
9606
9607
9608
9609
9610
9611
9612
9613
9614
9615
9616
9617
7428
7588
7589
7592
7754
7755
7762
7763
7764
7934
8117
8316
8317
8318
8324
8325
8326
8540
9280
9281
9282
9283
9284
9285
9286
9287
8775
9269
9288
9289
9290
9291
9292
8774
9293
9294
9295
9296
9297
9298
9299
9300
9301
9302
9303
9304
9305
9306
9310
9311
9566
9567
9568
9569
9790
9791
9792
9793
9794
9795
9796
9797
9798
9799
9835
9836
9837
9838
9839
9840
9841
9842
9843
9844
9845
9846
9847
9848
9849
9850
9851
9852
9853
9854
9855
9856
9857
9858
9859
9860
9861
9862
9863
9864
9865
9866
9867
9868
9869
9870
9871
9872
9873
9874
9875
9876
9877
9878
9879
9880
9881
7587
7751
7752
7753
7756
7926
7927
7935
7936
7937
8118
8319
8529
8530
8531
8537
8538
8539
8772
9539
9540
9541
9542
9543
9544
9545
9546
9547
9014
9015
9526
9548
9549
9550
9551
9552
9012
9553
9554
9555
9556
9557
9558
9559
9560
9561
9562
9563
9564
9565
9570
9571
9828
9829
9830
9831
10035
10036
10037
10038
10039
10040
10041
10042
10043
10044
10045
10046
10047
10048
10082
10083
10084
10085
10086
10087
10088
10089
10090
10091
10092
10093
10094
10095
10096
10097
10098
10099
10100
10101
10102
10103
10104
10105
10106
10107
10108
10109
10110
10111
10112
10113
10114
10115
10116
10117
10118
10119
10120
10121
10122
10123
10124
10125
10126
10127
10128
10129
10130
10131
10132
10133
7923
7924
7925
7928
7929
8110
8111
8119
8120
8121
8320
8532
8759
8760
8761
8768
8769
8770
8771
9800
9801
9802
9803
9804
9805
9806
9807
9808
9270
9271
9528
9809
9810
9811
9812
9813
9268
9814
9815
9816
9817
9818
9819
9820
9821
9822
9823
9824
9825
9826
9827
9832
9833
9834
10075
10076
10077
10078
10290
10291
10292
10293
10294
10295
10296
10297
10298
10299
10300
10301
10302
10303
10340
10341
10342
10343
10344
10345
10346
10347
10348
10349
10350
10351
10352
10353
10354
10355
10356
10357
10358
10359
10360
10361
10362
10363
10364
10365
10366
10367
10368
10369
10370
10371
10372
10373
10374
10375
10376
10377
10378
10379
10380
10381
10382
10383
10384
10385
10386
10387
10388
10389
10390
10391
10392
10393
10394
10395
10396
8106
8107
8108
8109
8112
8113
8312
8313
8321
8322
8323
8533
8762
8999
9000
9001
9002
9008
9009
9010
9011
10049
10050
10051
10052
10053
10054
10055
10056
10034
9525
9527
9789
10057
10058
10059
10060
10061
9267
10062
10063
10064
10065
10066
10067
10068
10069
10070
10071
10072
10073
10074
10079
10080
10081
10334
10335
10336
10337
10554
10555
10556
10557
10558
10559
10560
10561
10562
10563
10564
10565
10566
10567
10568
10569
10570
10571
10572
10614
10615
10616
10617
10618
10619
10620
10621
10622
10623
10624
10625
10626
10627
10628
10629
10630
10631
10632
10633
10634
10635
10636
10637
10638
10639
10640
10641
10642
10643
10644
10645
10646
10647
10648
10649
10650
10651
10652
10653
10654
10655
10656
10657
10658
10659
10660
10661
10662
10663
10664
10665
10666
10667
10668
10669
10438
10670
10671
10672
10673
10674
10675
8308
8309
8310
8311
8314
8315
8525
8526
8534
8535
8536
8763
9003
9253
9254
9255
9256
9264
9265
9266
10304
10305
10306
10307
10308
10309
10310
10311
10289
9787
9788
10033
10312
10313
10314
10315
10316
9524
10317
10318
10319
10320
10321
10322
10323
10324
10325
10326
10327
10328
10329
10330
10331
10332
10333
10338
10339
10604
10605
10606
10607
10608
10609
10610
10828
10829
10830
10831
10832
10833
10834
10835
10836
10837
10838
10839
10840
10841
10842
10843
10844
10845
10846
10890
10891
10892
10893
10894
10895
10896
10897
10898
10899
10900
10901
10902
10903
10904
10905
10906
10907
10908
10909
10910
10911
10912
10913
10914
10915
10916
10917
10918
10919
10920
10921
10922
10923
10924
10925
10926
10927
10928
10929
10930
10931
10932
10933
10934
10935
10936
10937
10938
10939
10940
10941
10942
10943
10944
10945
10946
10947
10948
10949
10950
10951
10952
10953
10954
10955
10439
10174
10440
10718
10719
10956
10957
10958
8521
8522
8523
8524
8527
8528
8754
8755
8756
8764
8765
8766
8767
9004
9257
9510
9511
9512
9513
9521
9522
9523
10573
10574
10575
10576
10577
10578
10579
10553
10552
9786
10032
10288
10580
10581
10582
10583
10584
9785
10585
10586
10587
10588
10589
10590
10591
10592
10593
10594
10595
10596
10597
10598
10599
10600
10601
10602
10603
10611
10612
10613
10880
10881
10882
10883
10884
10885
10886
11115
11116
11117
11118
11119
11120
11121
11122
11123
11124
11125
11126
11127
11128
11129
11130
11131
11132
11133
11134
11135
11136
11137
11138
11181
11182
11183
11184
11185
11186
11187
11188
11189
11190
11191
11192
11193
11194
11195
11196
11197
11198
11199
11200
11201
11202
11203
11204
11205
11206
11207
11208
11209
11210
11211
11212
11213
11214
11215
11216
11217
11218
11219
11220
11221
11222
11223
11224
11225
11226
11227
11228
11229
11230
11231
11232
11233
11234
11235
11236
11237
11238
11239
10175
9923
9924
10176
10441
10442
10717
11240
11241
11242
8750
8751
8752
8753
8757
8758
8994
8995
8996
9005
9006
9007
9258
9514
9770
9771
9772
9773
9783
9784
10847
10848
10849
10850
10851
10852
10853
10827
10826
10031
10287
10551
10854
10855
10856
10857
10858
10859
10860
10030
10861
10862
10863
10864
10865
10866
10867
10868
10869
10870
10871
10872
10873
10874
10875
10876
10877
10878
10879
10887
10888
10889
11171
11172
11173
11174
11175
11176
11177
11436
11437
11438
11439
11440
11441
11442
11443
11444
11445
11446
11447
11448
11449
11450
11451
11452
11453
11454
11455
11456
11457
11458
11459
11460
11461
11462
11463
11464
11465
11466
11467
11468
11469
11470
11471
11472
11473
11474
11475
11476
11477
11478
11479
11480
11481
11482
11483
11484
11485
11486
11487
11488
11489
11490
11491
11492
11493
11494
11495
9927
9658
9659
9925
10177
10178
10437
10997
11496
11497
8986
8988
8989
8990
8991
8992
8993
8997
8998
9248
9249
9250
9259
9260
9261
9262
9263
9774
10015
10016
10017
10018
10019
10028
10029
11139
11140
11141
11142
11143
11144
11114
11113
11112
10285
10286
10825
11145
11146
11147
11148
11149
11150
11151
10284
11152
11153
11154
11155
11156
11157
11158
11159
11160
11161
11162
11163
11164
11165
11166
11167
11168
11169
11170
11178
11179
11180
11684
11685
11686
11687
11688
11689
11690
11691
11692
11693
11694
11695
11696
11697
11698
11699
11700
11701
11702
11703
11704
11705
11706
11707
11708
11709
11710
11711
11712
11713
11714
11715
11716
11717
11718
11719
11720
11721
11722
11723
11724
11725
11726
11727
11728
11729
11730
11731
11732
11733
11734
11735
11285
11286
11736
11540
9662
9391
9394
9392
9660
9926
10173
10714
10998
11737
11738
9240
9242
9243
9244
9245
9246
9247
9251
9252
9505
9506
9507
9515
9516
9517
9518
9519
9520
9782
10268
10269
10270
10271
10272
10283
11404
11405
11406
11407
11408
11409
11403
11402
11401
10549
10550
10824
11410
11411
11412
11413
11414
11415
11416
10548
11417
11418
11419
11420
11421
11422
11423
11424
11425
11426
11427
11428
11429
11430
11431
11432
11433
11434
11435
11934
11935
11936
11937
11938
11939
11940
11941
11942
11943
11944
11945
11946
11947
11948
11949
11950
11951
11952
11953
11954
11955
11956
11957
11958
11959
11960
11961
11962
11963
11964
11965
11966
11967
11968
11969
11970
11971
11972
11973
11974
11975
11976
11977
10999
11287
11541
11790
9922
9130
9133
9131
9393
9661
9921
10434
10715
11978
11979
9497
9499
9500
9501
9502
9503
9504
9508
9509
9765
9766
9767
9775
9776
9777
9778
9779
9780
9781
10027
10530
10531
10532
10533
10534
10535
10546
10547
11656
11657
11658
11659
11660
11655
11661
11662
11654
11653
11400
10822
10823
11111
11663
11664
11665
11666
11667
11668
11669
11670
11671
11672
11673
11674
11675
11676
11677
11678
11679
11680
11681
11682
11683
12173
12174
12175
12176
12177
12178
12179
12180
12181
12182
12183
12184
12185
12186
12187
12188
12189
12190
12191
12192
12193
12194
12195
12196
12197
12198
12199
12200
12201
12202
12203
12204
12205
12206
12207
12208
12209
12210
12211
12212
12213
10716
11000
11288
11544
9657
8880
8882
9390
8881
9132
9655
10170
10435
10436
12214
12215
9757
9759
9760
9761
9762
9763
9764
9768
9769
10010
10011
10012
10020
10021
10022
10023
10024
10025
10026
10281
10803
10804
10805
10806
10807
10808
10820
10821
11905
11906
11907
11908
11909
11904
11910
11911
11903
11902
11652
11109
11110
11399
11912
11913
11914
11915
11916
11917
11918
11919
11920
11921
11922
11923
11924
11925
11926
11927
11928
11929
11930
11931
11932
11933
12407
12408
12409
12410
12411
12412
12413
12414
12415
12416
12417
12418
12419
12420
12421
12422
12423
12424
12425
12426
12427
12428
12429
12430
12431
12432
12433
12434
12435
12436
12437
12438
12439
12440
12441
12442
12029
12443
12444
12445
12446
10720
11001
11292
11789
9656
8648
8650
9129
8649
9127
9388
9918
10171
10172
12447
12448
10002
10004
10005
10006
10007
10008
10009
10013
10014
10262
10263
10264
10273
10274
10275
10276
10277
10278
10279
10280
10282
10544
11087
11088
11089
11090
11091
11092
11093
11107
11108
12146
12147
12148
12149
12150
12144
12145
12151
12143
11901
11900
11396
11398
11651
12152
12153
12154
12155
12156
12157
12158
12159
12160
12161
12162
12163
12164
12165
12166
12167
12168
12169
12170
12171
12172
12628
12629
12630
12631
12632
12633
12634
12635
12636
12637
12638
12639
12640
12641
12642
12643
12644
12645
12646
12647
12648
12649
12650
12651
12652
12653
12654
12655
12656
12657
12658
12659
12660
12661
12266
12504
12662
12663
12664
10443
10721
11004
11543
9389
8429
8430
8879
9128
8645
8877
9385
9652
9919
9920
10179
12665
12666
10253
10256
10257
10258
10259
10260
10261
10265
10266
10267
10524
10525
10526
10536
10537
10538
10539
10540
10541
10542
10543
10545
10818
11373
11374
11375
11376
11377
11378
11379
11395
11397
12382
12383
12384
12385
12386
12380
12381
12387
12379
12142
12141
11648
11650
11899
12388
12389
12390
12391
12392
12393
12394
12395
12396
12397
12398
12399
12400
12401
12402
12403
12404
12405
12406
12843
12844
12845
12846
12847
12848
12849
12850
12851
12852
12853
12854
12855
12856
12857
12858
12859
12860
12861
12862
12863
12864
12865
12866
12867
12868
12869
12870
12871
12872
12873
12874
12875
12876
12877
12028
12270
12505
12878
12879
10444
10724
11291
11788
9142
8222
8223
8647
8878
8426
8874
9124
9386
9653
9654
9928
12880
12881
12882
10254
10514
10517
10518
10519
10520
10521
10522
10523
10527
10528
10529
10796
10797
10798
10799
10809
10810
10811
10812
10813
10814
10815
10816
10817
10819
11104
11625
11626
11627
11628
11629
11630
11631
11647
11649
12605
12606
12607
12608
12609
12603
12604
12610
12378
12377
12376
11896
11898
12140
12611
12612
12613
12614
12615
12616
12617
12618
12619
12620
12621
12622
12623
12624
12625
12626
12627
13060
13061
13062
13063
13064
13065
13066
13067
13068
13069
13070
13071
13072
13073
13074
13075
13076
13077
13078
13079
13080
13081
13082
13083
13084
13085
13086
13087
13088
13089
13090
13091
13092
13093
13094
13095
12033
12271
12724
12947
13096
10180
10446
11289
11787
8891
8029
8219
8428
8646
8658
8423
8642
8875
9125
9387
9395
9663
13097
13098
13099
10003
10515
10786
10789
10790
10791
10792
10793
10794
10795
10800
10801
10802
11079
11080
11081
11082
11094
11095
11096
11097
11098
11099
11100
11101
11102
11103
11105
11106
11391
11871
11872
11873
11874
11875
11876
11877
11895
11897
12819
12820
12821
12822
12823
12817
12818
12824
12825
12602
12601
12600
12137
12139
12375
12826
12827
12828
12829
12830
12831
12832
12833
12834
12835
12836
12837
12838
12839
12840
12841
12842
13272
13273
13274
13275
13276
13277
13278
13279
13280
13281
13282
13283
13284
13285
13286
13287
13288
13289
13290
13291
13292
13293
13294
13295
13296
13297
13298
13299
13300
13301
13302
13303
13304
13305
13306
13307
11793
12034
12507
12726
13169
10182
10722
11002
11542
11548
9141
7848
8026
8221
8427
8438
8216
8424
8643
8876
9126
9134
9665
13308
13309
13310
10516
10787
11068
11071
11072
11073
11074
11075
11076
11077
11078
11083
11084
11085
11086
11364
11365
11366
11367
11368
11380
11381
11382
11383
11384
11385
11386
11387
11388
11389
11390
11392
11393
11394
11643
12112
12113
12114
12115
12116
12117
12118
12136
12138
13038
13039
13040
13041
13042
13043
12816
13037
13044
13045
12815
12814
12813
12374
12599
13046
13047
13048
13049
13050
13051
13052
13053
13054
13055
13056
13057
13058
13059
13472
13473
13474
13475
13476
13477
13478
13479
13480
13481
13482
13483
13484
13485
13486
13487
13488
13489
13490
13491
13492
13493
13494
13495
13496
13497
13498
13499
13500
13501
13502
13503
13504
13505
13506
13507
11794
12035
12272
12946
13380
9930
10445
11003
11290
11295
8892
7679
8028
7846
8220
8230
8659
8024
8217
8425
8644
8883
9136
9397
13508
13509
13510
10788
11069
11353
11356
11357
11358
11359
11360
11361
11362
11363
11369
11370
11371
11372
11616
11617
11618
11619
11620
11632
11633
11634
11635
11636
11637
11638
11639
11640
11641
11642
11644
11645
11646
11890
12347
12348
12349
12350
12351
12352
12353
12372
12373
13254
13255
13256
13257
13258
13259
13036
13253
13260
13261
13035
13034
12812
13033
12598
12811
13262
13263
13264
13265
13266
13267
13268
13269
13270
13271
13667
13668
13669
13670
13671
13672
13673
13674
13675
13676
13677
13678
13679
13680
13681
13682
13683
13684
13685
13686
13687
13688
13689
13690
13691
13692
13693
13587
13694
13695
13696
13697
13698
13699
13700
13701
13702
11549
11795
12506
12945
13168
9929
10181
10723
11007
11006
7518
7847
7677
8027
8035
7844
8025
8218
8431
8651
8885
9396
13703
13704
13705
11064
11070
11354
11604
11605
11608
11609
11610
11611
11612
11613
11614
11615
11621
11622
11623
11624
11862
11863
11864
11865
11866
11878
11879
11880
11881
11882
11883
11884
11885
11886
11887
11888
11889
11891
11892
11893
11894
12131
12579
12580
12581
12582
12583
12584
12585
12586
12596
12597
13464
13465
13466
13467
13468
13469
13251
13252
13463
13470
13471
13249
13250
13248
13032
13246
13247
12810
13031
13845
13846
13847
13848
13849
13850
13851
13852
13853
13854
13855
13856
13857
13858
13859
13860
13861
13862
13863
13864
13865
13866
13867
13868
13869
13870
13871
13872
13789
13873
13874
13875
13876
13877
13878
13879
13880
13881
13882
11296
12036
12273
12725
13374
9664
9931
10726
10725
7363
7678
7517
7854
7676
7845
8030
8224
8653
8884
9135
13883
13884
13885
11349
11355
11606
11850
11851
11854
11855
11856
11857
11858
11859
11860
11861
11867
11868
11869
11870
12103
12104
12105
12106
12107
12119
12120
12121
12122
12123
12124
12125
12126
12127
12128
12129
12130
12132
12133
12134
12135
12367
12796
12797
12798
12799
12800
12801
12802
12803
12808
12809
13664
13461
13462
13663
13665
13666
13459
13460
13458
13245
13456
13457
13030
13244
14014
14015
14016
14017
14018
14019
14020
14021
14022
14023
14024
14025
14026
14027
14028
14029
14030
14031
14032
14033
14034
14035
14036
14037
14038
14039
14040
14041
13781
14042
14043
14044
14045
14046
14047
14048
14049
14050
14051
14052
11546
12030
12500
12939
13162
13581
9398
9666
10183
10447
11005
7219
7524
7362
7685
7516
7680
7849
8226
8433
8652
8886
14053
14054
14055
14056
11599
11607
11852
12090
12091
12094
12095
12096
12097
12098
12099
12100
12101
12102
12108
12109
12110
12111
12340
12341
12342
12343
12344
12354
12355
12356
12357
12358
12359
12360
12361
12362
12363
12364
12365
12366
12368
12369
12370
12371
12590
12591
13014
13015
13016
13017
13018
13019
13020
13021
13022
13023
13028
13029
13660
13661
13662
13658
13659
13657
13455
13655
13656
13243
13454
14191
14192
14193
14194
14195
14196
14197
14198
14199
14200
14201
14202
14203
14204
14205
14206
14207
14208
14209
14210
14211
14212
14213
14214
14215
13965
14216
14217
14218
14219
14220
14221
14222
14223
14224
14225
14226
11294
11791
12267
12720
13373
13780
9137
9916
10448
11293
7080
7225
7369
7218
7364
7519
7681
8031
8432
8434
8654
14227
14228
14229
14230
11845
11853
12092
12326
12327
12331
12332
12333
12334
12335
12336
12337
12338
12339
12345
12346
12577
12578
12587
12588
12589
12592
12593
12594
12595
12804
12805
13228
13229
13230
13231
13232
13233
13234
13235
13236
13237
13241
13242
13654
13453
13653
14365
14366
14367
14368
14369
14370
14371
14372
14373
14374
14375
14376
14377
14378
14379
14380
14381
14382
14383
14384
14385
14386
14387
14144
14388
14389
14390
14391
14392
14393
14394
14395
14396
14397
14398
11547
12031
12501
12940
13163
13580
13964
9383
9650
10168
10432
10727
11008
11545
6952
7086
7081
7220
7365
7520
7850
8225
8227
8872
14399
14400
14401
14402
11846
12085
12093
12328
12329
12562
12563
12567
12568
12569
12570
12571
12572
12573
12574
12575
12576
12806
12807
13024
13025
13440
13441
13442
13443
13444
13445
13446
13447
13448
13449
13452
13652
14546
14547
14548
14549
14550
14551
14552
14553
14554
14555
14556
14557
14558
14559
14560
14561
14562
14563
14564
14565
14566
14567
14568
14569
14326
14570
14571
14572
14573
14574
14575
14576
14577
14578
14579
11792
12268
12721
13375
13779
14142
9122
9651
10169
10712
11284
11786
6828
6958
6953
7082
7221
7366
7682
8032
8421
8640
14580
14581
14582
14583
12086
12321
12330
12564
12565
12784
12785
12789
12790
12791
12792
12793
12794
12795
13026
13027
13238
13239
13641
13642
13643
13644
13645
13646
13647
13648
13649
13650
13651
13844
14720
14721
14722
14723
14724
14725
14726
14727
14728
14729
14730
14731
14732
14733
14734
14735
14736
14737
14738
14739
14740
14741
14742
14743
14507
14744
14745
14746
14747
14748
14749
14750
14751
14752
14753
12032
12502
12941
13164
13582
13783
13963
9123
9384
9917
10433
10713
10996
11539
12027
6707
6833
6829
6954
7083
7222
7521
7851
8215
8641
14754
14755
14756
14757
12322
12557
12566
12786
12787
13002
13003
13007
13008
13009
13010
13011
13012
13013
13240
13450
13451
13834
13835
13836
13837
13838
13839
13840
13841
13842
13843
14886
14887
14888
14889
14890
14891
14892
14893
14894
14895
14896
14897
14898
14899
14900
14901
14902
14903
14904
14905
14906
14907
14908
14909
14327
14685
14910
14911
14912
14913
14914
14915
14916
14917
14918
14919
12269
12722
12942
13376
13782
13967
14143
8873
9643
10160
10702
11272
11773
12250
6588
6712
6708
6830
6955
7217
7515
7843
8023
8422
14920
14921
14922
14923
12558
12779
12788
13004
13005
13220
13221
13225
13226
13227
15037
15038
15039
15040
15041
15042
15043
15044
15045
15046
15047
15048
15049
15050
15051
15052
15053
15054
15055
15056
15057
15058
15059
15060
15061
14508
14849
15062
15063
15064
15065
15066
15067
15068
15069
15070
15071
12503
12943
13165
13377
13583
13785
13966
14146
9115
9376
9908
10422
10985
11528
12013
12485
6477
6592
6589
6709
6951
7079
7361
7675
8209
8633
15072
15073
15074
15075
15076
12780
12996
12997
13006
13222
13223
13434
13435
15172
15173
15174
15175
15176
15177
15178
15179
15180
15181
15182
15183
15184
15185
15186
15187
15188
15189
15190
15191
15192
15193
15194
15195
14510
14686
15003
15140
15196
15197
15198
15199
15200
15201
15202
15203
15204
15205
15206
15207
12704
12723
13166
13584
13784
13969
14145
14329
8865
9642
10159
10701
11271
11771
12249
12702
6371
6481
6478
6706
6827
7076
7357
7671
8018
8414
15208
15209
15210
15211
15212
12998
13214
13215
13224
13436
13437
13438
13636
13637
15299
15300
15301
15302
15303
15304
15305
15306
15307
15308
15309
15310
15311
15312
15313
15314
15315
15316
15317
15318
15319
15320
15321
15322
15323
14688
14850
15139
15266
15324
15325
15326
15327
15328
15329
15330
15331
15332
15333
15334
15335
15336
12923
12944
13378
13585
13786
13968
14148
14328
8866
9377
9907
10421
10984
11527
12011
12484
12921
6271
6374
6476
6587
6824
6948
7213
7511
7838
8210
8415
15337
15338
15339
15340
15341
12781
13216
13428
13429
13430
13439
13638
15426
15427
15428
15429
15430
15431
15432
15433
15434
15435
15436
15437
15438
15439
15440
15441
15442
15443
15444
15445
15446
15447
15448
15449
14687
14852
15004
15005
15265
15390
15450
15451
15452
15453
15454
15455
15456
15457
15458
15459
15460
15461
13144
13167
13787
13970
14147
14331
14509
8634
9116
9644
9909
10424
10987
11772
12248
12703
12922
6173
6274
6370
6584
6703
6825
7077
7358
7840
8212
15462
15463
15464
15465
15466
12999
13431
13630
13631
13632
13639
13640
15550
15551
15552
15553
15554
15555
15556
15557
15558
15559
15560
15561
15562
15563
15564
15565
15566
15567
15568
14851
15007
15141
15142
15389
15513
15569
15570
15571
15572
15573
15574
15575
15576
15577
15578
15579
15580
15581
15582
13354
13379
13586
13971
14149
14330
14512
8637
9119
9647
10161
10704
11274
11530
12012
12483
12701
13143
6081
6270
6176
6473
6585
6704
6949
7214
7512
7672
8020
8418
15583
15584
15585
15586
15587
13217
13633
13828
13829
13830
15670
15671
15672
15673
15674
15675
15676
15677
15678
15679
15680
15681
15682
15683
15684
15685
15686
14690
15006
15144
15267
15268
15512
15629
15687
15688
15689
15690
15691
15692
15693
15694
15695
15696
15697
15698
15699
13559
13788
14150
14332
14511
8869
9380
9913
10423
10986
11529
11775
12016
12488
12920
13142
5993
6083
6172
6368
6474
6586
6826
7216
7514
7839
8019
8417
15700
15701
15702
15703
15704
13432
13831
14008
14009
14010
15779
15780
15781
15782
15783
15784
15785
15786
15787
15788
15789
15790
15791
15792
15793
15794
14855
15143
15270
15391
15392
15628
15736
15795
15796
15797
15798
15799
15800
15801
15802
15803
15804
15805
15806
15807
13558
13940
13972
14151
14333
14513
14689
8868
9379
9912
10165
10703
11273
11774
12015
12253
12707
13141
13353
5904
6080
5995
6268
6369
6475
6705
6950
7078
7360
7674
7842
8211
8636
15808
15809
15810
15811
15812
13634
13833
14011
14187
14188
15853
15854
15855
15856
15857
15858
15859
15860
15861
15862
15863
15864
15865
15866
15867
15868
15869
15870
14854
15010
15269
15393
15395
15514
15515
15735
15817
15871
15872
15873
15874
15875
15876
15877
15878
15879
15880
15881
15882
13756
14114
14152
14334
14514
14691
14853
9118
9646
10164
10430
10710
11283
11785
12014
12252
12487
12925
12926
13352
13557
5819
5906
5992
6171
6269
6373
6591
6832
7215
7359
7673
8022
8416
8867
13832
14013
14189
14361
14362
15912
15913
15914
15915
15916
15917
15918
15919
15920
15921
15922
15923
15924
15925
15926
15927
15928
15929
15930
15931
15009
15147
15394
15516
15518
15630
15631
15816
15884
15932
15933
15934
15935
15936
15937
15938
15939
15940
15941
15942
15943
13939
14292
14293
14335
14515
14692
14693
14856
15008
9378
9911
10428
10429
10995
11538
12026
12251
12486
12706
13146
13147
13555
13556
13755
5736
5903
5821
6079
6175
6273
6480
6711
6957
7085
7513
7841
8021
8214
8635
9117
13635
14012
14190
14363
14544
15970
15971
15972
15973
15974
15975
15976
15977
15978
15979
15980
15981
15982
15983
15146
15273
15517
15632
15633
15635
15737
15738
15883
15945
15984
15985
15986
15987
15988
15989
15990
15991
15992
15993
15994
15995
14113
14291
14470
14471
14516
14694
14857
14858
15011
15145
9645
10163
10427
10708
10709
11281
11781
12264
12265
12705
12924
13355
13356
13753
13754
13936
5820
5994
6082
6372
6590
6831
7084
7224
7368
7684
8213
8420
8639
9121
13820
14179
14364
14545
16009
16010
16011
16012
16013
16014
16015
16016
16017
16018
15272
15398
15634
15739
15740
15742
15818
15819
15944
15997
16019
16020
16021
16022
16023
16024
16025
16026
16027
16028
16029
16030
16031
14286
14469
14646
14647
14648
14859
15012
15013
15014
15148
15271
9910
10425
10707
10991
10993
10994
11536
12022
12498
12259
12499
12719
13145
13560
13561
13937
13938
14110
5905
6174
6272
6479
6710
6956
7223
7367
7523
7853
8034
8419
8871
9382
14000
14360
14543
16044
16045
16046
16047
16048
16049
16050
16051
16052
16053
15397
15521
15741
15820
15821
15823
15885
15886
15996
16033
16054
16055
16056
16057
16058
16059
16060
16061
16062
16063
16064
16065
16066
16067
16068
14464
14639
14815
14816
14817
14985
15149
15150
15151
15274
15396
9915
10162
10705
10992
11278
11280
11282
11782
12260
12718
12493
12712
12938
13161
13757
13758
13759
14111
14112
14287
5907
6084
6275
6482
6713
6959
7226
7522
7683
8033
8229
8638
8870
9381
9649
13826
14185
16081
16082
16083
16084
16085
16086
16087
16088
16089
16090
15520
15638
15822
15887
15888
15890
15946
15947
16032
16070
16091
16092
16093
16094
16095
16096
16097
16098
16099
16100
16101
16102
16103
16104
16105
16106
14640
14808
14982
14983
14984
15123
15275
15276
15277
15278
15253
15399
15519
10167
10426
10988
10989
11279
11534
11535
11537
11784
12023
12494
12937
12713
12930
13160
13372
13941
13579
13942
13943
14288
14289
14290
14465
5996
6177
6375
6593
6834
7087
7370
7525
7852
8228
8436
8437
9120
9648
9914
14006
16119
16120
16121
16122
16123
16124
15637
15746
15889
15948
15949
15950
15951
15953
15954
15998
15999
16000
16069
16107
16109
16125
16126
16127
16128
16129
16130
16131
16132
16133
16134
16135
16136
16137
16138
16139
16140
14809
14973
14974
15120
15121
15122
15252
15400
15401
15402
15403
15377
15522
15636
10431
10706
11275
11276
11531
11779
11780
11783
12025
12261
12714
13152
12931
13151
13371
13578
14115
14116
13778
14117
14118
14119
14466
14467
14298
14468
14641
6178
6376
6594
6835
7088
7371
7686
7855
8231
8435
8656
8657
8890
9671
10166
14186
16146
16147
16148
16149
16150
15745
15828
15952
16001
16002
16003
16004
16006
16007
16034
16035
16036
16108
16141
16143
16151
16152
16153
16154
16155
16156
16157
16158
16159
16160
16161
16162
16163
16164
16165
14975
15111
15112
15249
15250
15238
15251
15376
15523
15524
15502
15525
15526
15527
15501
15639
15640
15743
15744
10711
10990
11532
11533
11776
12020
12021
12024
12263
12495
12932
13362
13153
13361
13568
13777
14294
14295
13962
14296
14141
14297
14299
14642
14643
14644
14477
14645
14810
6276
6483
6714
6960
7227
7526
7687
8036
8439
8655
8888
8889
9140
9402
9939
10191
14007
16168
16169
15825
15827
15895
16005
16037
16038
16039
16040
16042
16043
16071
16072
16073
16142
16166
16167
16170
16171
16172
16173
16174
16175
16176
16177
16178
16179
16180
16181
16182
16183
16184
15113
15239
15240
15373
15374
15364
15375
15499
15500
15641
15642
15619
15643
15644
15645
15618
15747
15748
15824
15826
10736
11277
11777
11778
12017
12018
12257
12258
12262
12497
12715
13154
13155
13569
13363
13566
13567
13766
13951
14472
14473
14140
14474
14475
14325
14476
14478
14811
14812
14813
14654
14814
14976
6484
6715
6961
7228
7527
7856
8037
8440
8887
9138
9139
9399
9670
9938
10457
14184
15892
15894
15957
16041
16074
16075
16076
16077
16079
16080
16110
16111
16112
16185
16186
16187
16188
16189
16190
16191
16192
16193
16194
16195
15241
15365
15366
15496
15497
15489
15498
15488
15616
15617
15749
15750
15751
15728
15729
15752
15753
15754
15727
15829
15830
15891
15893
11017
11305
12019
11804
12254
12255
12492
12489
12496
12717
12933
12934
13364
13365
13767
13570
13764
13765
13952
14128
14649
14650
14311
14324
14651
14652
14505
14653
14655
14977
14978
14979
14980
14825
14981
15114
6595
6836
7089
7372
7688
7857
8232
8660
8893
9400
9401
9667
9933
10190
10455
15955
15956
16008
16078
16113
16114
16115
16116
16117
16118
16144
16145
16196
16197
16198
16199
15242
15367
15490
15491
15492
15613
15614
15610
15615
15609
15722
15725
15726
11015
11558
12256
12045
12490
12491
12711
12708
12716
12936
13156
13157
13571
13572
13948
13768
13949
13950
14129
14310
14818
14819
14490
14506
14820
14821
14822
14823
14683
14824
14826
15115
15116
15117
15118
14988
15119
15243
6485
6716
6962
7229
7528
8038
8233
8661
9143
9668
9669
9932
10185
10456
10734
15368
15493
15611
15612
15723
15724
15720
15721
11303
11556
12282
12044
12709
12710
12928
12927
12935
13159
13366
13367
13368
13769
13770
14125
13953
14126
14127
14312
14489
14986
14987
14670
14684
14846
14847
14989
14990
15244
15245
15246
15247
15248
15125
15126
15369
6596
6837
7090
7373
7689
7858
8441
8894
9403
9934
9935
9936
9937
10184
10450
10451
10735
11016
15494
11557
11802
12516
12281
12929
12736
13149
13148
13158
13370
13573
13574
13575
13954
13955
14305
14306
14130
14131
14307
14308
14309
14491
14668
14669
15124
14836
14848
15370
15371
15372
15495
6838
7091
7374
7690
8039
8234
8662
9144
9672
10186
10187
10188
10189
10449
10729
10730
11012
11304
11803
12043
12735
12514
12515
13150
12959
13359
13360
13357
13358
13369
13577
13771
13772
13773
14132
14133
14484
14485
14313
14314
14315
14486
14487
14488
14671
14672
14834
14835
14997
6963
7230
7529
7859
8040
8442
8895
9404
9673
10452
10453
10454
10192
10728
11009
11011
11300
11554
12042
12280
12958
12733
12734
13181
13180
13564
13565
13562
13563
13576
13775
13776
13956
13957
13958
14316
14317
14661
14662
14663
14492
14493
14494
14664
14665
14666
14667
7212
7510
7837
8235
8443
8896
9145
9940
10731
10732
10733
10458
11010
11297
11299
11553
11800
12279
12513
12957
12954
12955
12956
13394
13393
13761
13762
13763
13760
13601
13774
13960
13961
14134
14135
14136
14495
14496
14497
7075
7356
7670
8017
8208
8663
9146
9405
9674
11013
11014
10737
10193
11298
11550
11551
11799
12041
12512
12732
13179
13176
13177
13178
13600
13392
13945
13946
13947
13944
13803
13959
14138
14139
14318
14319
14320
14673
14674
7343
7821
8001
8413
8632
9114
9406
9941
11301
11302
11018
10459
11552
11796
11797
12037
12278
12731
12953
13391
13388
13389
13390
13802
13599
14121
14122
14123
14124
14120
13986
14137
14322
14323
14498
14499
14500
14501
14676
7496
7655
8191
8612
8864
9375
9675
9942
11555
11306
10738
10460
11798
12038
12039
12274
12509
12950
13175
13598
13595
13596
13597
13801
13985
13800
14301
14302
14303
14304
14300
14166
14321
14503
14504
14675
14677
14678
14679
7822
8193
8395
8845
9093
9640
9641
10194
11801
11559
11019
10739
12040
12275
12276
12508
12728
13172
13387
13799
13796
13797
13798
13984
14165
13983
14480
14481
14482
14483
14479
14348
14502
14681
14682
14837
14838
14839
14840
14841
14842
8002
8397
8613
9094
9354
9618
9905
9906
10158
11805
11307
11020
10700
12277
12510
12511
12727
12948
13382
13385
13594
13982
13979
13980
13981
14163
14164
14162
14657
14658
14659
14660
14656
14531
14680
14844
14845
14998
14999
8192
8396
8615
8846
9355
9882
10134
10156
10157
10420
12046
11560
11308
10983
12283
12729
12730
12949
13170
13589
13592
13795
14161
14158
14159
14160
14346
14347
14345
14828
14829
14830
14831
14832
14833
14827
14530
14843
15001
15002
15134
8003
8614
8848
9095
9619
9883
10397
10418
10419
10699
11806
11561
11270
11269
12517
12951
12952
13171
13381
13790
13792
13978
14344
14341
14342
14343
14528
14529
14526
14527
14991
14992
14993
14994
14995
14996
14876
14709
15000
15136
15137
15138
8194
8398
8847
9097
9356
10135
10398
10676
10698
10982
12047
11807
11526
11525
12284
12737
13173
13174
13383
13384
13588
13973
13975
14156
14525
14521
14523
14524
14705
14707
14708
14704
14706
15127
15128
15129
15130
15131
15132
15133
15031
14875
15135
15262
15263
15264
8616
9096
9358
9620
9884
10677
10959
10981
11268
12048
11770
11769
11767
11768
12518
12960
13386
13182
13590
13591
13791
14153
14154
14339
14703
14699
14701
14702
14871
14873
14874
14870
14872
15254
15255
15256
15257
15258
15259
15260
15167
15030
15261
15387
15388
8399
8849
9357
9621
9623
10136
10399
10960
11243
11267
11524
12285
12010
12009
11766
12007
12008
12519
12738
13593
13395
13793
13794
13974
14336
14337
14519
14869
14865
14866
14867
14868
15026
15028
15029
15025
15027
15378
15379
15380
15381
15382
15383
15384
15385
15294
15165
15386
8617
9098
9622
9885
9887
10139
10678
11244
11498
11523
11765
12247
12246
12245
12006
12243
12244
12739
12961
13602
13183
13976
13977
14155
14517
14518
14697
15024
14863
15020
15021
15022
15023
15162
15164
15166
15161
15163
15503
15504
15505
15506
15507
15508
15509
15510
15418
15292
15511
8619
8850
9359
9886
10137
10402
10681
10961
11499
11739
12005
12482
12481
12480
12242
12478
12479
12700
12962
13804
13396
14157
13987
14338
14695
14696
14860
15160
15018
15156
15157
15158
15159
15289
15291
15293
15288
15290
15620
15621
15622
15623
15624
15625
15626
15627
15542
15416
8852
9099
9624
10138
10400
10964
11245
11740
11980
12216
12699
12698
12697
12477
12695
12696
12919
13184
13603
13397
14340
14167
14520
14861
14862
15015
15287
15152
15283
15284
15285
15286
15414
15417
15419
15420
15413
15415
15730
15731
15732
15733
15662
15734
15659
15540
9101
9360
9888
10401
10679
10962
11249
11500
11501
11981
12449
12918
12917
12916
12667
12914
12915
13139
13140
13805
13604
14522
13988
14349
14698
15016
15017
15153
15412
15279
15405
15409
15410
15411
15538
15541
15543
15544
15537
15539
15813
15814
15772
15815
15769
15660
9362
9625
10140
10680
11246
11505
11741
11742
12217
12450
13138
13137
13135
13136
12883
13100
13133
13134
13350
13351
13806
13554
14700
14168
14532
14864
15154
15155
15280
15536
15404
15529
15533
15534
15535
15657
15661
15663
15664
15655
15656
15658
15847
15846
15770
9361
9627
9889
10403
10963
11248
11502
11746
11982
11983
12668
13349
13348
13346
13347
12884
13311
13344
13345
13552
13553
13989
13752
14710
14350
14351
15019
15281
15282
15406
15654
15528
15647
15648
15651
15652
15653
15766
15767
15771
15773
15774
15764
15765
15768
15848
9626
9892
10141
10682
11247
11504
11743
11987
12218
12219
12452
13551
13550
13548
13549
13101
13312
13511
13547
13750
13751
13935
14169
13934
14877
14533
14534
15032
15407
15295
15408
15530
15763
15646
15756
15757
15760
15761
15762
15843
15844
15849
15850
15851
15841
15842
15845
9890
9891
10144
10404
10965
11250
11503
11745
11984
12224
12451
12670
13749
13748
13746
13747
12886
13512
13706
13745
13932
13933
14109
14352
14108
14712
14711
14535
15168
15531
15421
15532
15649
15840
15755
15833
15834
15835
15837
15838
15839
15908
15909
15906
15907
15910
10142
10143
10407
10683
11251
11506
11744
11986
12220
12458
12669
12887
13930
13931
13929
13927
13928
13103
13514
13707
13886
13926
14106
14107
14284
14285
14283
14879
14878
14713
15034
15650
15297
15545
15758
15905
15831
15832
15898
15899
15900
15902
15903
15904
15968
15969
10405
10406
10686
10966
11507
11747
11985
12223
12453
12676
12885
13104
14104
14105
14103
14101
14102
13314
13709
13887
14057
14100
14281
14282
14462
14463
14461
15033
14880
14638
15170
15759
15423
15665
15836
15966
15896
15897
15958
15961
15962
15963
15965
15967
10684
10685
10970
11252
11748
11988
12221
12222
12454
12457
12671
12893
13102
13315
14279
14280
14278
14276
14277
13515
13710
13889
14058
14231
14232
14459
14460
14636
14637
14635
15169
15035
14807
15296
15775
15546
15547
15901
15959
15960
10967
10968
10969
11256
11508
11989
12225
12455
12456
12672
12675
12888
13110
13313
13516
14457
14458
14456
14454
14455
13890
14061
14233
14403
14404
14633
14634
14805
14806
14804
15171
14972
14971
15422
15852
15666
15667
15964
10688
11253
11254
11255
11513
11749
12226
12459
12673
12674
12889
12892
13105
13321
13513
13711
14631
14632
14629
14584
14628
14630
13891
14062
14236
14405
14585
14802
14803
14968
14969
14970
14967
15298
15110
15109
15425
15778
15911
15776
15777
10972
11258
11509
11510
11511
11512
11754
11990
12228
12460
12677
12890
12891
13106
13109
13316
13523
13708
14800
14801
14798
14758
14797
14799
14063
14237
14408
14586
14759
14963
14964
14965
14966
15106
15107
15108
15105
15424
15236
15237
15235
15549
15669
11515
11750
11751
11752
11753
11994
12227
12463
12678
12894
13107
13108
13317
13320
13517
13719
13888
14961
14962
14959
14960
14924
14958
14060
14238
14409
14589
14760
14925
15101
15102
15103
15104
15232
15233
15234
15231
15363
15548
15361
15362
15360
15668
11755
11756
11991
11992
11993
12232
12461
12462
12681
12895
13111
13318
13319
13518
13521
13522
13712
13899
14059
15099
15100
15097
15098
15077
15096
14235
14410
14590
14763
14926
14927
15078
15227
15228
15229
15230
15357
15358
15359
15356
15487
15608
15485
15486
15484
11995
11996
12229
12230
12231
12466
12679
12680
12899
13112
13322
13519
13520
13713
13717
13718
13892
14073
14234
15225
15226
15223
15224
15213
14406
14407
14591
14764
14765
14930
15079
15080
15214
15352
15353
15354
15355
15480
15481
15482
15483
15479
15607
15605
15606
15604
11761
12233
12464
12465
12684
12896
12897
12898
13116
13117
13323
13524
13525
13714
13715
13716
13893
13897
13898
14064
14248
15350
15351
15348
15349
15342
14587
14588
14766
14931
14932
15084
15215
15216
15343
15344
15475
15476
15477
15478
15600
15601
15602
15603
15599
15719
15718
12001
12238
12682
12683
12903
13113
13114
13115
13328
13329
13526
13720
13721
13722
13894
13895
13896
14065
14071
14072
14239
14422
15472
15473
15474
15467
15471
14598
14761
14762
14933
15085
15086
15087
15217
15218
15345
15346
15468
15469
15595
15596
15597
15598
15714
15715
15716
15717
15713
12237
12471
12900
12901
12902
13121
13324
13325
13326
13327
13531
13532
13723
13900
13901
14066
14067
14068
14069
14070
14240
14246
14247
14411
15592
15593
15594
15588
15591
14772
14928
14929
15088
15219
15220
15221
15470
15589
15590
15709
15710
15711
15712
12000
12470
12688
12689
13118
13119
13120
13332
13527
13528
13529
13530
13729
13730
13902
14074
14075
14241
14242
14243
14244
14245
14412
14420
14421
14592
15706
15707
15708
15705
14767
14939
15081
15082
15083
15222
15347
12687
12907
12908
13127
13330
13331
13535
13724
13725
13726
13727
13728
13908
13909
14249
14250
14413
14414
14415
14416
14417
14418
14419
14593
14596
14597
14934
15089
15090
12469
12906
13125
13126
13338
13533
13534
13733
13903
13904
13905
13906
13907
14083
14084
14423
14424
14259
14594
14595
14768
14770
14771
14936
12686
13124
13336
13337
13540
13541
13731
13732
13912
14076
14077
14078
14079
14080
14081
14082
14258
14599
14436
14769
14935
14937
14938
12905
13123
13335
13538
13539
13738
13739
13910
13911
14086
14251
14252
14253
14254
14255
14256
14257
14435
14609
14608
13122
13334
13537
13736
13737
13917
13918
13919
13920
14085
14261
14425
14426
14427
14428
14429
14430
14431
14432
14433
14434
12904
13333
13536
13735
13914
13916
14091
14092
14093
14094
14260
14438
14600
14601
14602
14603
14604
14605
14606
14607
13343
13734
13915
14088
14090
14266
14267
14268
14269
14270
14437
14611
14773
14774
14775
14776
14777
14778
14779
13132
13546
13744
13913
14089
14263
14264
14443
14444
14445
14446
14447
14610
14781
13342
13743
13925
14087
14265
14440
14441
14613
14617
14618
14619
14620
14621
14780
13545
13924
14099
14262
14442
14614
14615
14783
14787
14788
14789
14790
14791
14940
13741
14097
14275
14439
14616
14784
14785
14942
14943
14947
14948
14949
14950
14951
14952
13543
13922
14273
14450
14453
14612
14786
14944
14945
14098
14451
14624
14627
14782
14946
13923
14274
14452
14625
14794
14795
14941
14095
14448
14626
14796
14955
14956
15091
14271
14622
14793
14957
15094
15095
14449
14792
14954
15093
14272
14623
14953
15092
14353
14714
15036
14536
14881
14541
14885
14357
14719
14540
14884
14718
14883
)


// ************************************************************************* //
