/*--------------------------------*- C++ -*----------------------------------*\
| =========                 |                                                 |
| \\      /  F ield         | OpenFOAM: The Open Source CFD Toolbox           |
|  \\    /   O peration     | Version:  2112                                  |
|   \\  /    A nd           | Website:  www.openfoam.com                      |
|    \\/     M anipulation  |                                                 |
\*---------------------------------------------------------------------------*/
FoamFile
{
    version     2.0;
    format      ascii;
    arch        "LSB;label=32;scalar=64";
    class       volScalarField;
    location    "0.335";
    object      p;
}
// * * * * * * * * * * * * * * * * * * * * * * * * * * * * * * * * * * * * * //

dimensions      [0 2 -2 0 0 0 0];

internalField   nonuniform List<scalar> 
8100
(
0.3451718
0.36501112
0.35906348
0.38146103
0.33523411
0.37439396
0.38608014
0.40004124
0.32585704
0.3630067
0.39551631
0.36201991
0.39761319
0.41563069
0.30320603
0.3367356
0.37341711
0.4087501
0.42054996
0.43236431
0.30261927
0.32275664
0.36205086
0.39830726
0.42770613
0.43159723
0.44683449
0.29979884
0.33110771
0.29728003
0.36822718
0.41360916
0.44146506
0.45215353
0.46099308
0.26836043
0.31467141
0.29351508
0.33760539
0.37191236
0.40016801
0.43421732
0.45784446
0.46149467
0.47328771
0.25126841
0.26971621
0.3156305
0.29204691
0.29109024
0.34413081
0.37068884
0.41337885
0.44656646
0.46883682
0.47866491
0.48432138
0.23224066
0.24681809
0.29988772
0.28178387
0.26021263
0.32168307
0.37415452
0.40628442
0.43674949
0.46341144
0.48190425
0.48582868
0.49388913
0.23077958
0.24299228
0.30079102
0.27908774
0.2618939
0.32404484
0.37949054
0.34535588
0.41550478
0.45391559
0.4746546
0.49029346
0.49906408
0.50171978
0.20920017
0.22212212
0.27787762
0.25800787
0.23934963
0.30356376
0.37307642
0.35448883
0.42803275
0.39946618
0.45103082
0.4706663
0.48747027
0.5000479
0.5039537
0.50869181
0.18900465
0.20462888
0.21886228
0.25169574
0.28032478
0.23470359
0.31002133
0.37888282
0.3351634
0.43094969
0.41327358
0.46275601
0.48207069
0.49585828
0.50603058
0.51333066
0.51392227
0.16439044
0.17963138
0.19485258
0.22875556
0.2522789
0.20950703
0.28677629
0.36657098
0.342846
0.44245307
0.40119734
0.47995628
0.46135666
0.49405807
0.50486752
0.51291201
0.51625564
0.5185824
0.15896259
0.17389628
0.18789046
0.20252896
0.22187958
0.22150916
0.25636479
0.2930186
0.37735602
0.32211081
0.43815155
0.41529321
0.49206096
0.47582328
0.50359523
0.51149554
0.51685604
0.52217549
0.52143043
0.13229805
0.14630671
0.15927886
0.1714007
0.18104437
0.20336049
0.22864592
0.26675451
0.36150205
0.33228208
0.45377521
0.40315087
0.5045763
0.49256413
0.47466558
0.5121214
0.51732076
0.52118068
0.52356313
0.52438132
0.11099156
0.12515547
0.13812996
0.15117779
0.16081162
0.17648249
0.19798041
0.23227537
0.27505811
0.37529682
0.30971498
0.44700515
0.42024752
0.51759103
0.50903195
0.49223483
0.52155268
0.52322165
0.52399592
0.52687941
0.52579309
0.083145074
0.096493261
0.10856964
0.12065376
0.12984993
0.14336863
0.16363569
0.19778742
0.2445521
0.35713548
0.32233517
0.46843061
0.40764054
0.52232969
0.52641716
0.51112087
0.49062801
0.5263001
0.5261594
0.52636675
0.52727332
0.52730177
0.074668016
0.086966122
0.098120598
0.10888261
0.11805497
0.12991542
0.15980459
0.20404474
0.25524535
0.37415571
0.29621874
0.46214279
0.42946281
0.54197012
0.54106361
0.5326234
0.51585315
0.53606076
0.53202092
0.52889552
0.52805927
0.52721494
0.044787311
0.056045253
0.06605741
0.075142628
0.083940492
0.098268893
0.11171463
0.16527262
0.22025099
0.35306559
0.31218033
0.4877559
0.41479917
0.54919508
0.55001798
0.54475558
0.53367236
0.51751592
0.53744616
0.53249395
0.52882815
0.53122585
0.52651245
0.023303141
0.034362662
0.044593029
0.053089351
0.0609451
0.068710627
0.082121634
0.069881828
0.11714884
0.17293951
0.23348125
0.3750277
0.28197626
0.47922225
0.44355572
0.56738228
0.57022743
0.55924238
0.56663715
0.54614283
0.54766514
0.5390273
0.53221752
0.53176821
0.52882681
-0.0057121307
0.003417572
0.012113145
0.019173252
0.024972314
0.029155564
0.033126123
0.049530748
0.071386431
0.12984502
0.19306645
0.35114405
0.3021648
0.51365158
0.42835143
0.587336
0.57265958
0.59027051
0.55936936
0.58405496
0.54264504
0.5728165
0.54634882
0.5370833
0.52966923
0.52467561
0.52204632
-0.028579556
-0.01807984
-0.0091715946
-0.0014761167
0.0040837593
0.0095063332
0.012126767
0.02240788
0.0171439
0.021048767
0.077485629
0.13848629
0.20817961
0.37998035
0.2661135
0.50653842
0.46236848
0.61721894
0.59200218
0.61542574
0.57510571
0.61367746
0.58536156
0.59782809
0.55710627
0.54531337
0.53698799
0.51499231
0.5210024
0.52690039
-0.051975326
-0.046649366
-0.04061254
-0.034856366
-0.031038949
-0.028119213
-0.027634657
-0.02430616
-0.025585011
-0.02193709
0.030119489
0.088335873
0.1559421
0.35291484
0.29395918
0.55883409
0.44581623
0.64551214
0.59093573
0.61293358
0.64375999
0.57246802
0.64162827
0.59100351
0.63290336
0.55452759
0.5435948
0.53249841
0.52183182
0.52061102
0.52545048
-0.067697538
-0.061493977
-0.055522785
-0.050918888
-0.048894662
-0.046980439
-0.045392268
-0.056603012
-0.022258167
-0.071339076
0.030315417
0.087830236
0.17961548
0.38861912
0.25128845
0.56773508
0.47542808
0.67911802
0.60911571
0.63424329
0.67073212
0.59105691
0.67778143
0.64363575
0.66072981
0.56722518
0.5545118
0.53976977
0.51179442
0.52437863
0.53379279
-0.098909942
-0.091415654
-0.08608344
-0.084055324
-0.085728292
-0.086527963
-0.082589309
-0.073423946
-0.096268314
-0.069322834
-0.10435528
-0.02373856
0.035366767
0.13295519
0.35481798
0.29101662
0.5150466
0.59389971
0.45186798
0.71352429
0.62843345
0.60760676
0.66374894
0.70687356
0.5863736
0.71364556
0.67361132
0.70643415
0.56233487
0.5474797
0.53888513
-0.12036436
-0.1149541
-0.10814685
-0.103879
-0.10520965
-0.10914777
-0.1055725
-0.13216663
-0.1400633
-0.11543848
-0.07666644
-0.14272324
-0.03169546
0.030427163
0.054743204
0.14999263
0.40273697
0.25739323
0.53232613
0.64768469
0.58739864
0.49937384
0.7571457
0.64755416
0.63202002
0.68689565
0.73730985
0.60194773
0.7599282
0.73098181
0.74374347
0.57534726
0.56543434
0.55449674
-0.14175269
-0.14069058
-0.13688047
-0.1342579
-0.13815254
-0.14026933
-0.14720381
-0.15726046
-0.16758964
-0.16624327
-0.13242438
-0.18603389
-0.10572601
-0.05004309
0.026438821
0.18500569
0.089527979
0.39357237
0.28997953
0.68736086
0.59997062
0.49405739
0.80480839
0.67568273
0.64184007
0.72367315
0.78712756
0.63199363
0.59304143
0.80282205
0.77108966
0.79334075
0.56513496
-0.16061982
-0.16148794
-0.1568448
-0.15307485
-0.15413457
-0.15959709
-0.16283062
-0.17424679
-0.19755198
-0.1982538
-0.2110451
-0.17861105
-0.16304726
-0.21605586
-0.10907371
-0.033434082
0.038483143
0.16900132
0.11210434
0.34155221
0.44714424
0.24752141
0.7511663
0.66492897
0.55233185
0.85076579
0.69187305
0.67598989
0.74558145
0.81425282
0.64861919
0.60915489
0.85787854
0.82495689
0.83334063
0.58160534
-0.17395117
-0.18162525
-0.17832436
-0.17952241
-0.18404865
-0.19391672
-0.20336623
-0.20135885
-0.22738399
-0.21917761
-0.21952158
-0.25096873
-0.2277761
-0.20745714
-0.25338534
-0.17927938
-0.088081301
-0.0022710244
0.19583987
0.054779087
0.34858637
0.42839156
0.29116993
0.80280666
0.68125093
0.55520217
0.89153279
0.72821116
0.69354604
0.79010745
0.86495954
0.63899867
0.68022805
0.60153831
0.89738125
0.87431308
0.87763549
-0.18707691
-0.20133804
-0.19722428
-0.19795015
-0.20001125
-0.20737443
-0.21529965
-0.22323101
-0.25617741
-0.26022775
-0.25188843
-0.27556541
-0.27994618
-0.27413587
-0.2420036
-0.22722518
-0.27550323
-0.23807366
-0.15923744
-0.066059009
-0.0088412441
0.1631243
0.08999105
0.37313239
0.49720774
0.26584417
0.86489572
0.78226202
0.72080715
0.61918002
0.96694413
0.89821386
0.74667265
0.72956385
0.80778062
0.8773153
0.66058347
0.70128302
0.62586781
0.93872289
0.92788666
0.92855395
-0.17640533
-0.19672154
-0.2093309
-0.21282861
-0.21734083
-0.22240565
-0.23250632
-0.24521044
-0.25026677
-0.27879853
-0.27475807
-0.27122965
-0.32772917
-0.31846691
-0.31060663
-0.29609034
-0.24508811
-0.29824348
-0.31050309
-0.26653095
-0.21295101
-0.11299091
-0.051801324
0.21237292
0.045949941
0.35010116
0.50210476
0.91964521
0.84681154
0.71562005
0.63723703
0.98504547
0.98879346
0.95146043
0.78572652
0.74847972
0.84991852
0.92555646
0.65250741
0.69102178
0.73446689
0.96893825
0.97954755
-0.21649943
-0.22817255
-0.21645922
-0.23726789
-0.23851506
-0.24555661
-0.25657501
-0.2702006
-0.30624095
-0.30271884
-0.29871437
-0.34923573
-0.34318732
-0.34131092
-0.33380507
-0.32801783
-0.31278281
-0.33999155
-0.32819852
-0.30777432
-0.3187335
-0.29292792
-0.18474672
-0.098925832
0.19029062
-0.048607999
0.098543211
0.35159213
0.59089091
0.42811084
0.97825153
0.91010982
0.83498109
0.76357357
1.0401918
1.0446106
0.95935739
0.80207818
0.78365438
0.86185972
0.93141926
0.67772122
0.71377545
0.75444133
1.0153387
1.0279667
-0.23109834
-0.23690508
-0.25186052
-0.24885175
-0.25492922
-0.26638085
-0.28158788
-0.29162671
-0.32356452
-0.32331663
-0.31130423
-0.38180354
-0.37868023
-0.37827413
-0.36686071
-0.3716584
-0.35210771
-0.38670642
-0.35743345
-0.36520417
-0.36446844
-0.34387243
-0.23176012
-0.19145179
0.19836661
-0.072983009
0.073156287
0.27838321
0.59691715
0.44022886
1.0371371
0.96933536
0.89142517
0.73695772
1.0479969
1.087654
1.0914222
1.0469604
1.0064359
0.83844746
0.80043548
0.90168928
0.97208114
0.70672243
0.74434474
0.78544651
1.0873687
-0.24948444
-0.23390332
-0.26340464
-0.25218517
-0.26390801
-0.2768377
-0.28910963
-0.30532035
-0.30268636
-0.34995757
-0.34624124
-0.33820412
-0.40189083
-0.40294952
-0.40379311
-0.38939469
-0.37992098
-0.3956538
-0.42752476
-0.37170286
-0.40012083
-0.40460542
-0.41949097
-0.32598427
-0.23805661
0.14964643
-0.15352255
-0.0082395784
0.28900046
0.51636712
0.65900909
0.36552952
1.0965132
1.0325353
0.95964083
0.87276826
0.79931672
1.1169567
1.140537
1.1501266
1.0961834
1.0077442
0.84898154
0.82982655
0.9061036
0.97108344
0.73260921
0.76655344
0.80823314
1.1365603
-0.25000597
-0.25822996
-0.25240666
-0.27251694
-0.28091544
-0.29105412
-0.30445031
-0.31223094
-0.32943042
-0.36222093
-0.35583715
-0.34539243
-0.35983746
-0.43592912
-0.43140363
-0.44208292
-0.42035417
-0.4079365
-0.44048325
-0.46418882
-0.39845317
-0.4478321
-0.42559992
-0.44159755
-0.45626149
-0.374433
-0.3486565
-0.2284934
0.13757026
-0.18188402
-0.024690775
0.21349825
0.51786746
0.66232803
0.36591849
1.1403375
1.0873059
1.0154051
0.92878913
0.77603381
1.1877884
1.2029499
1.1424052
1.090008
1.0487519
0.88213402
0.83912543
0.93987737
1.0056663
0.76028895
0.79639413
0.82985211
1.2047147
-0.23634575
-0.26373414
-0.26397655
-0.27819475
-0.27861202
-0.30590951
-0.31274722
-0.31986656
-0.34717258
-0.38781835
-0.38047228
-0.35793647
-0.36885151
-0.46033883
-0.45486493
-0.44552927
-0.46711077
-0.43211506
-0.41972221
-0.47623272
-0.50254912
-0.40541746
-0.47953467
-0.48388868
-0.48383157
-0.51941486
-0.47158182
-0.45858103
-0.39301971
-0.2995965
0.048475079
-0.12677498
-0.27261072
0.20375738
0.58360874
0.44239634
0.7010159
0.28291625
1.1749674
1.1403331
1.0798586
0.99956764
0.90485342
0.8261762
1.2084458
1.2290233
1.2418732
1.1829535
1.1274799
1.0430821
0.88773519
0.8683699
0.93788897
0.99586302
0.78266434
0.8121757
0.84559584
1.2304655
-0.26517563
-0.27675661
-0.27964922
-0.28136056
-0.30195958
-0.30927854
-0.32384023
-0.33436914
-0.35649687
-0.396657
-0.3972221
-0.37109585
-0.37589015
-0.49218784
-0.48285283
-0.47448673
-0.49820613
-0.45942054
-0.44503149
-0.5134978
-0.52399116
-0.52729461
-0.42824398
-0.52466104
-0.51564374
-0.5192576
-0.54234973
-0.54450805
-0.49050314
-0.47970215
-0.38189903
0.035693997
-0.13598656
-0.31988439
0.10774054
0.59623063
0.44440699
0.67940635
0.27602733
1.246745
1.2024139
1.1367459
1.0580531
0.95979454
0.79289212
1.2832527
1.2922315
1.2316887
1.2888554
1.1717568
1.1224473
1.0805817
0.91340205
0.86842325
0.96465929
1.0218086
0.80511106
0.83461508
0.84969974
1.2550788
-0.26008307
-0.28131036
-0.28157801
-0.28290846
-0.29493781
-0.31901709
-0.30002312
-0.3185999
-0.33564178
-0.3724142
-0.41461196
-0.40624522
-0.37803456
-0.39067122
-0.50949378
-0.51306304
-0.49842813
-0.48365583
-0.47417051
-0.43957195
-0.54453239
-0.54750183
-0.55076546
-0.43170655
-0.55504836
-0.57223652
-0.56259701
-0.59167797
-0.56694541
-0.5751506
-0.5091278
-0.42040205
-0.061778282
-0.22627063
-0.32066803
-0.40820829
0.094398282
0.53003822
0.35925743
0.70619522
0.17224537
1.2530282
1.2032143
1.1214949
1.0393949
0.92860552
0.84002155
1.3143645
1.3265361
1.2691925
1.3234429
1.2039413
1.1457104
1.0616488
0.90793435
0.88605542
0.95465598
1.0039358
0.81862446
0.83705153
0.87118721
1.2897372
-0.26733154
-0.28567883
-0.2857441
-0.29331881
-0.29526176
-0.30132738
-0.32494723
-0.33827114
-0.35731173
-0.37871116
-0.42189731
-0.41130266
-0.36375134
-0.4037551
-0.53674896
-0.54180946
-0.52461259
-0.50681584
-0.49182294
-0.47348441
-0.57564859
-0.5648103
-0.5680168
-0.45341172
-0.58831676
-0.59469542
-0.5840522
-0.6201347
-0.62899349
-0.59496078
-0.56546288
-0.50967055
-0.075528174
-0.22561617
-0.35020234
-0.45694135
-0.013380183
0.535767
0.35815369
0.63819995
0.16360591
1.3094482
1.2457503
1.1741854
1.0964272
0.98303366
0.78463677
1.3503723
1.3138886
1.362809
1.3181591
1.2492708
1.3351874
1.363523
1.186488
1.14768
1.084723
0.92871696
0.89217353
0.97225104
1.0203363
0.83083627
0.84775805
0.8649548
1.3315401
-0.26728328
-0.26950613
-0.26329807
-0.29085609
-0.29904924
-0.30111585
-0.32782391
-0.33162376
-0.34969225
-0.36250258
-0.36284549
-0.43767033
-0.42500177
-0.40963484
-0.41332831
-0.55808233
-0.55952294
-0.51874579
-0.51141056
-0.48982737
-0.47586256
-0.48216032
-0.60937451
-0.59320965
-0.59388455
-0.45493345
-0.63387638
-0.62301095
-0.60188117
-0.65502061
-0.66606981
-0.62678356
-0.61237832
-0.53073529
-0.15352976
-0.27127951
-0.39339964
-0.32695693
-0.4542363
-0.51184242
-0.013590308
0.45702787
0.24018222
0.68349134
0.063234671
1.3226826
1.2872897
1.2239109
1.1612476
1.0775179
0.94191797
0.84977054
1.3716441
1.3685619
1.3859527
1.3994024
1.3353278
1.2732036
1.3744046
1.3984171
1.2151047
1.126212
1.1834874
1.0571073
0.90758655
0.95085197
0.99550954
0.8333468
0.83862466
0.87637111
1.3836069
-0.27023526
-0.29336546
-0.28434161
-0.30127488
-0.30523589
-0.3075982
-0.32773121
-0.34052451
-0.35835506
-0.37214216
-0.39615198
-0.43986336
-0.42381002
-0.42814407
-0.40421167
-0.57661112
-0.58134375
-0.55775833
-0.53873911
-0.51932156
-0.46714866
-0.50249766
-0.61946136
-0.62851605
-0.61179762
-0.60615777
-0.46324051
-0.64844273
-0.65048093
-0.65005718
-0.6385461
-0.68202281
-0.62755046
-0.66490376
-0.6430753
-0.6518886
-0.61715392
-0.56075823
-0.18719878
-0.25984231
-0.43241457
-0.36263113
-0.47465185
-0.53590547
-0.10386774
0.45912984
0.25228398
0.62127683
0.053950755
1.3834046
1.3217355
1.2928596
1.2316373
1.1129712
0.98446639
0.82499616
1.4217756
1.4099411
1.4072235
1.4488654
1.3135645
1.3774595
1.2511935
1.3985424
1.4336855
1.1307143
1.1965875
1.0671827
0.91820268
0.96123868
1.004163
0.83231524
0.83874218
0.9020092
0.85552002
1.4063176
-0.26535391
-0.2796886
-0.29398626
-0.28260862
-0.30462102
-0.31021286
-0.32171778
-0.33632426
-0.34894972
-0.36361715
-0.38445962
-0.3904186
-0.45182766
-0.44102549
-0.40509502
-0.4286681
-0.57706658
-0.59395673
-0.56720017
-0.56304447
-0.53781245
-0.52470788
-0.47539572
-0.51491984
-0.63662676
-0.63358284
-0.63173195
-0.6254285
-0.46717227
-0.65422865
-0.66811335
-0.66994687
-0.66285853
-0.69306182
-0.68353044
-0.69828419
-0.6634515
-0.66696767
-0.65480232
-0.60860442
-0.57883216
-0.17305376
-0.29562523
-0.47514368
-0.41310267
-0.34968752
-0.51199335
-0.58407505
-0.08954977
0.50697045
0.33873872
0.15374314
0.65774221
-0.048227549
0.11013612
1.4063481
1.3731209
1.2903688
1.2269651
1.0501697
1.164683
0.95172903
0.72271549
0.86783797
1.4510274
1.4439383
1.4555354
1.4777079
1.3304088
1.3973059
1.2658864
1.4407085
1.4610327
1.1680014
1.1033429
1.2359402
1.039705
0.93742605
0.97964302
0.81860843
0.81620184
0.90695457
0.85541606
1.4585892
-0.26876348
-0.28157024
-0.29655807
-0.28909727
-0.30802239
-0.32162608
-0.3256015
-0.34217173
-0.35805039
-0.37522117
-0.40376143
-0.41375127
-0.45162617
-0.43836461
-0.43789821
-0.60561824
-0.6142167
-0.59048368
-0.55108348
-0.54957233
-0.53666787
-0.48911475
-0.51281523
-0.647613
-0.66327767
-0.63579052
-0.64397597
-0.48100318
-0.66799794
-0.69538053
-0.71424036
-0.67476842
-0.69698135
-0.72575958
-0.71673472
-0.70795875
-0.7085859
-0.70984528
-0.61440892
-0.64348346
-0.60556076
-0.22118142
-0.2706084
-0.48962939
-0.43278711
-0.37146554
-0.53116161
-0.5792211
-0.15751709
0.44939102
0.37729079
0.18292947
0.59222023
-0.015383018
-0.00021229451
1.4641896
1.3870891
1.3539746
1.2962107
1.1203204
1.1798693
0.97951664
0.7662277
0.83141355
1.4924054
1.4821455
1.4770264
1.5087793
1.3033048
1.3711173
1.4382959
1.4625658
1.4985417
1.1756873
1.1093083
1.2447145
1.0460735
0.94513727
0.98394857
0.80579213
0.80635199
0.88056638
0.82611709
1.4844862
-0.27832861
-0.28698245
-0.29809131
-0.29341631
-0.32354666
-0.32613767
-0.33612627
-0.34913825
-0.36598384
-0.38932588
-0.42151961
-0.4100733
-0.46553968
-0.44923971
-0.43677132
-0.62097465
-0.61252892
-0.60035017
-0.5602707
-0.54996725
-0.53571261
-0.49294658
-0.52318595
-0.66612529
-0.66997667
-0.67000143
-0.65645502
-0.47745078
-0.6977259
-0.70334672
-0.71067713
-0.67304719
-0.7202018
-0.70973739
-0.72511825
-0.6844724
-0.73370929
-0.70120561
-0.70280193
-0.65845667
-0.68172764
-0.65412397
-0.21114111
-0.29858694
-0.45034937
-0.51840325
-0.42921745
-0.34841054
-0.55084299
-0.56910982
-0.13583489
0.48990216
0.29278608
0.14945704
0.63626033
-0.076188203
-0.0021752872
1.4871105
1.447321
1.3578455
1.2968633
1.1009444
1.2320254
1.0320728
0.9245721
0.70282024
0.86932875
1.5301651
1.5128621
1.5207286
1.5288935
1.5316025
1.3148044
1.3846494
1.4542931
1.5028244
1.5246394
1.1437499
1.2120803
1.079538
1.2820555
1.0181285
0.91346279
0.96888251
0.7803225
0.77476786
0.88240326
0.82111352
1.5360857
-0.27686658
-0.28724991
-0.30713996
-0.29893894
-0.33058419
-0.34300844
-0.34228301
-0.35432494
-0.36980084
-0.38503352
-0.39782892
-0.39351789
-0.42959903
-0.4609828
-0.44723311
-0.63358797
-0.64807472
-0.60032461
-0.57610781
-0.56408004
-0.54697176
-0.50188177
-0.52928479
-0.66969075
-0.65157852
-0.68822387
-0.66271105
-0.63357978
-0.48856534
-0.70147884
-0.68661517
-0.72001662
-0.71342928
-0.73002574
-0.70490644
-0.74937872
-0.69950196
-0.759507
-0.72316224
-0.68092926
-0.71679014
-0.6579626
-0.6659373
-0.70016796
-0.65290062
-0.23984135
-0.27952946
-0.49939168
-0.54110905
-0.41413591
-0.35571044
-0.57864089
-0.61660249
-0.17113787
0.46667676
0.3283519
0.10278949
0.2087007
0.58025489
-0.098664153
-0.0027462417
1.5148031
1.4738525
1.3997476
1.3524272
1.1528995
1.2235649
1.0304197
0.97393365
0.7476643
0.82974083
1.5608272
1.551482
1.5485154
1.5765398
1.5674636
1.353198
1.4240499
1.4941042
1.5225711
1.5639188
1.1454513
1.2150431
1.0811359
1.2869063
1.0237252
0.91214964
0.98864161
0.94472253
0.76119313
0.75815302
0.84968861
0.79559665
1.5649765
-0.26585589
-0.2802553
-0.29008164
-0.313374
-0.29919044
-0.31210018
-0.3157489
-0.34896512
-0.34591841
-0.36054291
-0.3780399
-0.39323339
-0.41829861
-0.42308724
-0.44259955
-0.47141391
-0.45596028
-0.60471986
-0.63563993
-0.66600067
-0.62250135
-0.56561701
-0.55448276
-0.53748721
-0.49423274
-0.53388698
-0.70131274
-0.6951651
-0.67588268
-0.67960623
-0.66948539
-0.4805423
-0.72390856
-0.72941912
-0.72866075
-0.72629414
-0.71266748
-0.72111102
-0.74543235
-0.74219642
-0.73331291
-0.71266679
-0.72791348
-0.74869053
-0.69127799
-0.74080905
-0.65802938
-0.67204462
-0.70109408
-0.61532959
-0.22548014
-0.29346263
-0.49111253
-0.52921649
-0.57595871
-0.41609875
-0.36370119
-0.34878486
-0.58110755
-0.62259632
-0.14953623
0.35851797
0.51079556
0.25166114
0.042719709
0.15330512
0.5999592
-0.0020632609
-0.14734507
-0.00022114867
1.5441671
1.5207461
1.4366155
1.500168
1.3957205
1.340527
1.1329946
1.2741875
1.0735427
0.93440083
0.73117037
0.8803985
1.5965671
1.5808653
1.5910044
1.5988781
1.6017334
1.359923
1.4329074
1.5057735
1.5625309
1.5883277
1.1101597
1.1785574
1.250035
1.0488999
1.3231768
0.88685787
0.98240914
0.93139941
0.72296743
0.72478185
0.76938086
0.84201714
0.80307768
1.6070544
-0.27705551
-0.27786257
-0.28535633
-0.29452259
-0.31208174
-0.30709942
-0.32506321
-0.32036757
-0.33447761
-0.33319471
-0.34953047
-0.36624556
-0.38354324
-0.40163042
-0.43191477
-0.44081524
-0.45078061
-0.46575984
-0.62920308
-0.63793133
-0.65209189
-0.65067043
-0.59135673
-0.59798493
-0.57403499
-0.55951465
-0.52110098
-0.51063341
-0.70065543
-0.70239394
-0.68030575
-0.67619241
-0.67662371
-0.49445884
-0.72766715
-0.70893804
-0.73598783
-0.74839634
-0.71809828
-0.74645409
-0.77808051
-0.75306685
-0.76097976
-0.73952646
-0.7461997
-0.68243746
-0.72229541
-0.74675562
-0.70168787
-0.72419948
-0.62975618
-0.66656679
-0.68449961
-0.70245679
-0.24575024
-0.28162504
-0.49471216
-0.526785
-0.55427481
-0.43534934
-0.41317426
-0.31983953
-0.62877178
-0.63992557
-0.17550112
0.41316576
0.45327471
0.24669992
0.066130649
0.13454166
0.67982364
0.56698083
-0.10124564
-0.091981358
0.026903653
1.5741527
1.5690599
1.502585
1.5158041
1.4539177
1.3853307
1.1768027
1.260808
1.0542468
0.96655218
0.77829492
0.8491303
1.6269715
1.6182706
1.6159126
1.6353916
1.635997
1.3969436
1.4706572
1.5441767
1.5786505
1.6279051
1.1054149
1.1751986
1.2480363
1.0421986
1.3225805
0.89464369
0.85973987
1.0050103
0.94978378
0.70735681
0.70315988
0.74263618
0.78453233
1.6329427
-0.26801556
-0.2732025
-0.28103578
-0.29014719
-0.30403499
-0.31962212
-0.30550904
-0.32165213
-0.34221644
-0.34127008
-0.35301155
-0.35345887
-0.36888432
-0.39895737
-0.41848758
-0.44305254
-0.44350844
-0.45903569
-0.47636079
-0.62033769
-0.64445994
-0.64322967
-0.65125865
-0.61923611
-0.62134316
-0.58704167
-0.56624388
-0.5491917
-0.50802811
-0.53596752
-0.54334806
-0.71214256
-0.70652001
-0.69663022
-0.69041446
-0.6813294
-0.48598185
-0.74340763
-0.71789501
-0.74219294
-0.7469399
-0.71764436
-0.75159029
-0.74388111
-0.74942708
-0.77374781
-0.75850658
-0.72309329
-0.74623027
-0.7596115
-0.70460374
-0.68851391
-0.64890768
-0.67905767
-0.69405269
-0.71428256
-0.242327
-0.27396625
-0.52571423
-0.519873
-0.55678696
-0.52127079
-0.40506633
-0.43994476
-0.4282006
-0.28249096
-0.31937768
-0.64993934
-0.65564711
-0.64896629
-0.22579118
0.41178303
0.49352033
0.26301004
0.36610083
0.081217351
0.28789607
0.12047949
0.63634284
0.63147095
-0.092456615
-0.094817876
-0.040442851
0.11208746
1.6049773
1.5797692
1.5024003
1.5574012
1.4739592
1.4327339
1.3857204
1.1823415
1.2820253
1.0683874
0.99362752
0.75483318
0.88904926
1.6616416
1.6492529
1.6573905
1.6624097
1.6706258
1.3978159
1.4731569
1.5488741
1.6176382
1.6505789
1.1355163
1.0675188
1.2075604
1.281896
1.3572955
0.87883854
0.83176096
0.99241733
0.93429833
0.67991555
0.67340281
0.71079199
0.75313958
0.79651668
1.6513707
-0.27372637
-0.28095099
-0.28807422
-0.29532253
-0.29542307
-0.31940187
-0.30999691
-0.33059766
-0.34288114
-0.33979791
-0.35694815
-0.36402511
-0.38259851
-0.39570563
-0.41452624
-0.42265438
-0.42311076
-0.44881406
-0.46794718
-0.61862284
-0.65050121
-0.65746735
-0.66782013
-0.59444262
-0.6207619
-0.5876997
-0.57486173
-0.55915718
-0.50998077
-0.51683178
-0.54367139
-0.71507492
-0.70753365
-0.69455525
-0.68983039
-0.67822287
-0.49285452
-0.7458517
-0.73244687
-0.75627737
-0.75287534
-0.73022931
-0.76248811
-0.76585148
-0.7436097
-0.77740929
-0.75561265
-0.75305158
-0.7812421
-0.74970988
-0.7398415
-0.72670019
-0.77278238
-0.74279595
-0.64222037
-0.70197198
-0.6998648
-0.71563478
-0.24050538
-0.24103905
-0.46915656
-0.50237805
-0.54228858
-0.6251624
-0.51377718
-0.409772
-0.37102096
-0.38999282
-0.31448295
-0.58239424
-0.61203302
-0.65132475
-0.21131504
-0.1132557
0.41898943
0.51130568
0.2361195
0.31064675
0.10244259
0.17793165
0.12723152
0.68894637
0.58685447
-0.031712342
-0.15941104
-0.00074389591
0.020812089
1.6246929
1.6096538
1.5257079
1.5768668
1.5023354
1.4697582
1.3284267
1.4232944
1.1334876
1.2164107
1.2598386
1.0627806
0.93574908
1.0345857
0.80382049
0.86591816
1.6909385
1.6851081
1.6870348
1.6928625
1.7015822
1.4329762
1.5086169
1.5850145
1.6267025
1.6871707
1.1265194
1.0572615
1.1995696
1.27482
1.3510143
0.89651939
0.84487785
1.0159787
0.95374965
0.6612244
0.64622025
0.68637648
0.72870918
0.77370734
1.6614873
1.6732152
-0.2700974
-0.27700619
-0.28473124
-0.29195213
-0.30081319
-0.3056272
-0.32860706
-0.31327636
-0.3343277
-0.35166122
-0.34993401
-0.35799679
-0.37120604
-0.39621634
-0.3762131
-0.40379445
-0.41834113
-0.44786176
-0.44718468
-0.4630456
-0.47800192
-0.63082189
-0.64348021
-0.6531949
-0.66252484
-0.59240687
-0.6237907
-0.58305977
-0.56609222
-0.55276711
-0.50377126
-0.51335024
-0.54658644
-0.72442037
-0.71638565
-0.70562165
-0.69789516
-0.68563881
-0.48556453
-0.74953827
-0.7245236
-0.74788456
-0.75008216
-0.72862734
-0.74992616
-0.75526767
-0.77631339
-0.76876349
-0.74593059
-0.74164234
-0.7586807
-0.7811027
-0.71041845
-0.71910047
-0.73185937
-0.67345778
-0.69153697
-0.71630018
-0.73341376
-0.24496095
-0.26116533
-0.48921721
-0.5023058
-0.50326073
-0.51499504
-0.65060293
-0.58841114
-0.53506195
-0.3850194
-0.38156178
-0.38249102
-0.42146594
-0.3074628
-0.29180145
-0.58724383
-0.57442957
-0.66369593
-0.62395711
-0.19394502
-0.16745495
0.48555471
0.37926575
0.54911556
0.29713822
0.34056448
0.13278155
0.085183748
0.20816944
0.69804984
0.54874542
-0.063502163
-0.071124435
-0.086938954
0.087575855
-0.05954854
1.6490285
1.624094
1.5549818
1.52765
1.6049832
1.5261053
1.4576427
1.4924963
1.3556178
1.426215
1.1227992
1.2066944
1.2825829
1.0950801
0.98109321
0.99871509
0.81817858
0.93130319
1.7281297
1.6928325
1.7170414
1.7183074
1.7189486
1.427252
1.5030028
1.5789479
1.6611222
1.6961237
1.6796133
1.1555891
1.0838018
1.2302805
1.3064245
1.3829103
0.87713202
0.82344057
0.99955215
0.93590457
0.62186644
0.62094612
0.65265126
0.69590804
0.74001289
0.7864295
1.6992353
1.6977691
-0.27039263
-0.2774529
-0.2847381
-0.29147432
-0.29963424
-0.3099947
-0.32518962
-0.3226555
-0.34128033
-0.35226986
-0.34482531
-0.36233102
-0.36835557
-0.37939946
-0.39919435
-0.41402839
-0.42562781
-0.4506668
-0.45350063
-0.47018496
-0.62798716
-0.65126692
-0.66057692
-0.67311415
-0.60165892
-0.61754642
-0.59280352
-0.57625155
-0.56050407
-0.51242353
-0.52328291
-0.53844301
-0.73407363
-0.70483868
-0.70237653
-0.70345113
-0.67344882
-0.49420441
-0.74526176
-0.75564753
-0.72161249
-0.76781261
-0.74007139
-0.78295048
-0.72679872
-0.77325381
-0.7976761
-0.74004602
-0.79451489
-0.72312637
-0.70561687
-0.73230049
-0.7783169
-0.78100679
-0.8089197
-0.75355372
-0.75289132
-0.71118299
-0.67789082
-0.64716328
-0.72553709
-0.67679144
-0.75670137
-0.70971221
-0.19797648
-0.31348962
-0.46360501
-0.47441814
-0.55308792
-0.58996254
-0.54694022
-0.60082158
-0.4550368
-0.48549067
-0.3753269
-0.35457794
-0.34077308
-0.30883151
-0.34921816
-0.62228058
-0.65087453
-0.63010728
-0.66910156
-0.14949324
-0.23332143
0.48510722
0.37126013
0.55028535
0.33274254
0.30654846
0.36041839
0.055111922
0.0042141232
0.27004325
0.19104639
0.25906838
0.076113855
0.68621934
0.72621063
0.62648559
-0.13274147
0.038589464
0.043069812
-0.12206954
-0.14027176
-0.093723028
0.11437975
1.6643725
1.6504127
1.5693377
1.5626894
1.6183305
1.5469316
1.4918611
1.5349176
1.3788761
1.3351968
1.4366778
1.1571028
1.2405092
1.2804877
1.0801371
0.96258439
1.0379773
0.80404427
0.7924067
0.95103613
1.7313056
1.735297
1.7249383
1.7424077
1.7457804
1.7428127
1.4590304
1.5340736
1.6107851
1.6431598
1.6785656
1.722881
1.7144947
1.1408352
1.0682833
1.2161926
1.292769
1.3693567
0.83835343
0.89437581
1.0225107
0.95601559
0.59828561
0.5906624
0.63486164
0.67500558
0.71606927
0.76220552
1.7082194
1.722434
-0.27320673
-0.28216602
-0.28729118
-0.29682518
-0.30344714
-0.30783769
-0.32990433
-0.31615454
-0.31465965
-0.33973349
-0.33519417
-0.35475496
-0.36599035
-0.36251135
-0.37465753
-0.39239282
-0.40446912
-0.41558381
-0.44591778
-0.45626512
-0.4616006
-0.47969784
-0.63550952
-0.64339904
-0.65481723
-0.66705875
-0.59839833
-0.62379683
-0.58334227
-0.56760002
-0.55253102
-0.50452644
-0.51845458
-0.54493309
-0.73198159
-0.73409858
-0.71429374
-0.70319
-0.70131707
-0.48643905
-0.7669846
-0.74792769
-0.77503722
-0.76860282
-0.76942838
-0.73181909
-0.78334461
-0.78750305
-0.76765287
-0.76404821
-0.80321379
-0.79231611
-0.78771291
-0.75380141
-0.77018174
-0.77481754
-0.75090798
-0.77050575
-0.75916783
-0.78998819
-0.75315937
-0.75472007
-0.65633362
-0.68574021
-0.70905243
-0.69158579
-0.71944396
-0.72199298
-0.75058444
-0.20950592
-0.23957667
-0.18920062
-0.470899
-0.47044361
-0.38909375
-0.63864134
-0.57246891
-0.55728074
-0.44772415
-0.68342066
-0.64259868
-0.47838913
-0.56692482
-0.29632534
-0.34684214
-0.3538482
-0.35534384
-0.42170164
-0.34381504
-0.62801298
-0.63817446
-0.64848992
-0.66463755
-0.28662789
-0.079881182
0.48683094
0.4861245
0.43459055
0.52173654
0.19510667
0.36165803
0.28320405
0.72479959
0.63626382
0.61687166
0.62937288
-0.25511797
1.6933952
1.661849
1.5963923
1.568905
1.6445741
1.5486758
1.5288869
1.5086708
1.3909938
1.3311869
1.4828427
1.4462253
1.1608229
1.2435366
1.3043775
1.1227425
0.98165146
1.0199449
0.83430756
0.89623525
0.77977291
0.86601809
1.7546396
1.761684
1.747521
1.7545001
1.7738296
1.7727183
1.4448352
1.5177482
1.5886332
1.6370583
1.678161
1.6981286
1.72897
1.7282595
1.093527
1.1679366
1.2443532
1.3213254
1.3976771
0.8145285
0.87164017
1.0008331
0.93398853
0.56765229
0.56700752
0.59012759
0.60701475
0.64785454
0.68351897
0.72608846
0.77477667
1.7321753
1.740231
-0.27350005
-0.28203458
-0.287331
-0.29581504
-0.30371092
-0.31364965
-0.32934352
-0.3221307
-0.31703797
-0.35595576
-0.34328223
-0.37491658
-0.37206161
-0.37743867
-0.39423702
-0.41013373
-0.42764633
-0.44844011
-0.46019506
-0.47185612
-0.6303129
-0.65149402
-0.6641525
-0.68019479
-0.6052942
-0.62396352
-0.59196387
-0.57549061
-0.56002431
-0.5126822
-0.52621215
-0.53780731
-0.70265725
-0.75110437
-0.72347201
-0.70490462
-0.67495626
-0.71675405
-0.6906533
-0.49430077
-0.76478001
-0.74845646
-0.74512709
-0.7620817
-0.7746664
-0.74832225
-0.78128782
-0.77927137
-0.77044509
-0.77543803
-0.76593348
-0.79918985
-0.7794692
-0.75981847
-0.76456855
-0.76606947
-0.76278167
-0.77543597
-0.76483676
-0.73376844
-0.7377069
-0.75404969
-0.68125445
-0.67793301
-0.69279759
-0.69321008
-0.71570029
-0.73700989
-0.74715468
0.52975419
0.43679453
0.34546353
0.31732098
0.59128992
0.45440947
0.35596717
0.70696307
0.63246622
0.50235774
0.66123388
0.57862323
1.7042719
1.6890711
1.6094949
1.5932631
1.6553465
1.5754185
1.5515378
1.5283197
1.3515502
1.4149766
1.4798047
1.4666777
1.2089081
1.2682644
1.3189867
1.1079581
1.009311
1.0784921
0.73011322
0.7925186
0.912657
0.88105516
0.92849481
0.9172523
1.7690908
1.7770713
1.7662773
1.7655084
1.7694078
1.7926067
1.7904916
1.4723403
1.5439694
1.6097502
1.6447521
1.6981472
1.6830411
1.7542133
1.7458943
1.0722582
1.1470192
1.223857
1.3010428
1.3774642
0.82937376
0.88903404
1.0225233
0.9534835
0.54750778
0.54064813
0.55930881
0.60193405
0.62477345
0.65806205
0.6997957
0.74856967
1.7434508
1.759144
-0.27046058
-0.27707107
-0.27760047
-0.28365623
-0.29196457
-0.29059155
-0.29927778
-0.30693204
-0.31265816
-0.33471278
-0.325713
-0.31911593
-0.35847554
-0.34666035
-0.33844954
-0.37174371
-0.37593408
-0.38689613
-0.4009874
-0.41727921
-0.43730152
-0.43134481
-0.44946175
-0.47510742
-0.48009131
-0.63631254
-0.64998529
-0.64119065
-0.68078902
-0.59254416
-0.62343667
-0.58162261
-0.56726067
-0.55246364
-0.50505111
-0.51871053
-0.54501358
-0.74349773
-0.72362378
-0.72353466
-0.71976256
-0.70992646
-0.69041769
-0.68691781
-0.48627705
-0.77095017
-0.74684711
-0.74917968
-0.76742917
-0.78323387
-0.74264703
-0.7707432
-0.77932597
-0.77544908
-0.77642466
-0.76083991
-0.77931768
-0.77760357
-0.76403488
-0.76888766
-0.77023346
-0.76833663
-0.78883599
-0.77408636
-0.75290793
-0.75074046
-0.75774253
0.61827995
0.56625194
0.55140857
0.36959086
0.57514286
0.57870204
0.63397863
0.60974089
0.58441862
1.7286003
1.698823
1.6354088
1.5969509
1.6811412
1.5777963
1.5552098
1.5327122
1.3659598
1.4284091
1.5007956
1.4731755
1.1770253
1.3089582
1.3113271
1.1312863
1.0023702
1.0451413
1.1159852
1.0078204
0.90600603
0.94402188
0.91186711
1.793498
1.797957
1.7723745
1.7976731
1.7877527
1.8104262
1.8049289
1.4520736
1.5238787
1.5936611
1.6378497
1.7213878
1.6995407
1.7618616
1.7447373
1.0958332
1.1718199
1.2494621
1.3265161
1.4022392
0.80336215
0.86298605
0.99597408
0.9272089
0.52333527
0.540042
0.52341718
0.55910409
0.57713327
0.62867389
0.66429376
0.70926
0.76054214
1.7660821
1.7729959
-0.2701224
-0.27514565
-0.2809026
-0.28418759
-0.28818859
-0.29340889
-0.29912598
-0.3050762
-0.30815229
-0.33179988
-0.32452325
-0.3214148
-0.35721235
-0.35887813
-0.35203158
-0.34309093
-0.37753664
-0.38315982
-0.38924116
-0.40297495
-0.41789634
-0.43287344
-0.4486727
-0.46773128
-0.48284136
-0.62660045
-0.67227432
-0.65432061
-0.67696882
-0.61404541
-0.59949478
-0.59247178
-0.5759225
-0.56036836
-0.51359917
-0.52648016
-0.53747386
-0.74140805
-0.7224818
-0.72115739
-0.7144957
-0.70908946
-0.68588453
-0.67845042
-0.49309528
-0.75623462
-0.75588008
-0.75833208
-0.76411525
-0.77252342
-0.75044203
-0.79645641
-0.78268754
-0.78918732
-0.75750555
-0.79270093
-0.75165326
-0.78791491
-0.75752148
-0.77101596
-0.77663893
-0.76510173
-0.77933532
-0.7807072
0.66148369
1.7383961
1.7222643
1.6427262
1.6227855
1.689551
1.6057691
1.5760222
1.5532773
1.3953344
1.4406324
1.5126643
1.493653
1.1755108
1.2874805
1.3264927
1.3537549
1.164584
1.1149059
1.0950274
0.99298918
1.0226294
0.9637935
1.8087055
1.8058087
1.791637
1.8056387
1.810347
1.8268602
1.8226743
1.4756209
1.5462711
1.626781
1.5768811
1.6627505
1.721783
1.69175
1.7802354
1.7622678
1.0691558
1.1451555
1.2232957
1.300225
1.3753024
0.81767329
0.87883643
0.94483985
1.0155918
0.51012215
0.51822322
0.50474878
0.53431634
0.57694779
0.60079656
0.63515504
0.68156249
0.73177654
1.7758613
1.7974615
-0.27253776
-0.2778425
-0.27933484
-0.28618452
-0.29099431
-0.29598168
-0.3018485
-0.30869602
-0.31356716
-0.33583145
-0.32862971
-0.31784102
-0.36982058
-0.35270796
-0.36855292
-0.34597731
-0.33881374
-0.38413642
-0.38325349
-0.39596362
-0.40865234
-0.42965277
-0.44716506
-0.43782082
-0.45382302
-0.47384162
-0.46229733
-0.48116349
-0.64311058
-0.6881529
-0.66185335
-0.64652977
-0.65140534
-0.60152795
-0.62826615
-0.62914687
-0.58339214
-0.56769895
-0.55256735
-0.50693026
-0.51890416
-0.54524245
-0.747177
-0.73298037
-0.73030826
-0.72291856
-0.71334285
-0.69705165
-0.69486506
-0.78546181
-0.75704986
-0.75305681
-0.77542971
-0.74367581
-0.74675811
-0.77950918
-0.78593357
-0.78149499
-0.79898136
-0.82077472
-0.79391361
-0.80465169
-0.78743617
1.7601096
1.7308133
1.6690532
1.6241031
1.7126025
1.6075051
1.5801089
1.5609987
1.4266466
1.45529
1.5337347
1.503416
1.2524032
1.2463217
1.3845775
1.3397405
1.4228461
1.2093557
1.0902691
0.88831574
1.8282519
1.824958
1.7984505
1.826317
1.8281723
1.8426857
1.8399723
1.4463567
1.5107553
1.6533582
1.624895
1.5781062
1.7385873
1.7091867
1.7813786
1.7619831
1.090117
1.167202
1.2462766
1.322635
1.396212
0.78853951
0.84824386
0.91305956
0.98332762
0.49369129
0.51711746
0.50489279
0.49290639
0.532858
0.55153306
0.60265067
0.64068599
0.69151087
0.74252945
1.8000203
1.8049482
-0.27132121
-0.27632754
-0.2821468
-0.284743
-0.2899957
-0.29491196
-0.30011567
-0.30594341
-0.31153656
-0.33246211
-0.32588896
-0.32297033
-0.37514154
-0.35810317
-0.37278272
-0.35058757
-0.34345603
-0.39143107
-0.38868348
-0.3983645
-0.41381895
-0.42579606
-0.43444401
-0.44975094
-0.46025633
-0.46612893
-0.48237753
-0.50150115
-0.63458943
-0.66557454
-0.660289
-0.65240881
-0.68559278
-0.60146854
-0.60973863
-0.62580966
-0.58832112
-0.5744764
-0.55982476
-0.51462269
-0.52485402
-0.53899703
-0.73941015
-0.73178561
-0.7255763
-0.72580322
-0.70079572
-0.6928408
-0.6861594
-0.80656817
-0.78250627
-0.76628928
-0.76142961
-0.78397294
-0.79781864
-0.75368106
-0.77814541
-0.75347935
-0.81761178
-0.80157636
-0.77784596
-0.78415681
-0.78959541
-0.79312719
1.769079
1.7521437
1.675723
1.6525517
1.7192602
1.6118596
1.5949559
1.5765234
1.4199928
1.4784245
1.542231
1.5297536
1.2982765
1.1594373
1.3608967
1.2774352
1.3717424
1.3342107
1.3619693
1.3842649
1.8379637
1.8321575
1.8168027
1.8381959
1.8482928
1.8626285
1.8578607
1.4654951
1.5234133
1.6727186
1.6348446
1.5633239
1.7336885
1.7010659
1.7992219
1.7787723
1.0576285
1.134705
1.2146873
1.2917354
1.3645124
0.80081257
0.86177738
0.92773566
0.99956267
0.48809844
0.49686884
0.48840046
0.48078577
0.50991917
0.55006202
0.57225937
0.61917015
0.66225679
0.71095504
1.8114539
1.8300773
-0.27403713
-0.27850897
-0.28073428
-0.28788911
-0.29218675
-0.29738278
-0.30301278
-0.30864968
-0.3142672
-0.33738675
-0.32942434
-0.32164941
-0.38012192
-0.36262105
-0.35318957
-0.36539436
-0.37482111
-0.34607649
-0.34009458
-0.39437032
-0.39247298
-0.40658722
-0.42280687
-0.4138258
-0.43038832
-0.44667659
-0.45335595
-0.46051628
-0.47902514
-0.48927003
-0.50842735
-0.64154975
-0.66367905
-0.68007849
-0.65624811
-0.64533212
-0.5953445
-0.60451881
-0.62915458
-0.5806486
-0.56662898
-0.55139798
-0.49537304
-0.51052036
-0.54568643
-0.74548687
-0.73833756
-0.73055115
-0.72134345
-0.72244191
-0.70513219
-0.69397377
-0.76975526
-0.77180744
-0.75403165
-0.76531697
-0.77033058
-0.78565957
-0.73845207
-0.79848363
-0.80083878
-0.78120039
-0.79295012
-0.79584495
-0.79512611
-0.78957722
1.789164
1.7590428
1.6978204
1.6694251
1.7411056
1.6464308
1.6139569
1.6000556
1.5841397
1.4388053
1.4897485
1.552338
1.5213375
1.3902599
1.3454577
1.4033617
1.3052164
1.3934993
1.8549532
1.8490179
1.8173365
1.8541209
1.8653167
1.8827365
1.8699984
1.434486
1.4975453
1.6643757
1.617383
1.581171
1.750903
1.7174621
1.7992195
1.7742498
1.0764995
1.1535649
1.2362951
1.3120458
1.382832
0.7699508
0.82483623
0.88919121
0.96165138
0.47778671
0.49369121
0.48689891
0.47953287
0.47418936
0.50673707
0.52246465
0.5677961
0.58693887
0.63015056
0.66771377
0.72174166
1.8170184
1.8465082
-0.27323423
-0.27715167
-0.28232577
-0.28768565
-0.29104447
-0.29581155
-0.30058268
-0.30614374
-0.31121975
-0.31598905
-0.33695137
-0.32676456
-0.32365632
-0.38584896
-0.36240357
-0.35563355
-0.36972666
-0.37900079
-0.34904003
-0.34257386
-0.40077246
-0.39855866
-0.40634745
-0.41499538
-0.42739655
-0.43697959
-0.44931061
-0.45862051
-0.46686665
-0.48136679
-0.4915703
-0.49940102
-0.64030848
-0.67138452
-0.68475053
-0.66207963
-0.65076926
-0.60170353
-0.61150167
-0.61774531
-0.5876791
-0.57509517
-0.56166342
-0.51630255
-0.53177301
-0.53315125
-0.74117914
-0.73169722
-0.72067715
-0.69696331
-0.73754413
-0.72143449
-0.6913569
-0.68632802
-0.76956344
-0.76706466
-0.77460971
-0.76171868
-0.74463125
-0.78827942
-0.76236215
-0.78357345
-0.78681587
-0.7959682
-0.78962575
1.7947556
1.7776897
1.7049329
1.6914124
1.7496244
1.6443205
1.6385559
1.6195223
1.600899
1.4574745
1.4900484
1.5025435
1.5809436
1.5155438
1.3907966
1.3528848
1.3701048
1.4363278
1.8645051
1.8473939
1.8331941
1.866075
1.8656977
1.8772344
1.887377
1.885657
1.4492462
1.5120024
1.6788108
1.6323227
1.562378
1.7441803
1.7080158
1.8150171
1.7899646
1.0377705
1.1153988
1.1998005
1.2780407
1.3480823
0.781982
0.83096966
0.89982056
0.9779416
0.48156117
0.47595739
0.47125809
0.46987007
0.46601047
0.48929016
0.51657861
0.53422812
0.57434717
0.59750537
0.62699605
0.69556205
1.8317775
1.8166845
1.8578842
-0.27105162
-0.27487022
-0.2787564
-0.28076726
-0.2838047
-0.28871076
-0.29323896
-0.29847865
-0.30437212
-0.3085058
-0.31389995
-0.31928862
-0.33798901
-0.33137598
-0.33007307
-0.32257302
-0.39132605
-0.36734537
-0.35889109
-0.35155948
-0.37307658
-0.38239815
-0.34557304
-0.34004264
-0.40409842
-0.40344982
-0.41076317
-0.42519317
-0.43183864
-0.44353052
-0.45282177
-0.46157945
-0.474587
-0.48637015
-0.49382708
-0.51208271
-0.63973392
-0.6796376
-0.67291962
-0.64873093
-0.64074521
-0.59429057
-0.60557228
-0.63258725
-0.58000817
-0.56749495
-0.55545907
-0.52487157
-0.53474839
-0.54445605
-0.75346914
-0.74273229
-0.7376264
-0.73237045
-0.71061724
-0.70801675
-0.70591432
-0.6938129
-0.77920411
-0.78637978
-0.79497642
-0.76561135
-0.73831663
-0.78904131
-0.78806918
-0.7864592
-0.76591816
1.8069032
1.7842669
1.7265058
1.6924496
1.7669792
1.6619858
1.6399474
1.6243246
1.6102042
1.460056
1.4650642
1.5085693
1.5819053
1.59439
1.5463568
1.417869
1.4657664
1.3947644
1.4503679
1.8875539
1.8609816
1.8336618
1.8741946
1.8753499
1.887048
1.9018465
1.8818676
1.415883
1.4856105
1.6644206
1.6141403
1.586667
1.7599635
1.7221679
1.8106471
1.7834563
1.0524594
1.1284965
1.2269075
1.3007815
1.3560276
0.73688706
0.78099465
0.86255288
0.93611248
0.47365332
0.46729019
0.46881374
0.46665741
0.46665226
0.46077739
0.4828253
0.49064179
0.52592211
0.54233091
0.59281205
0.61994113
0.6493394
1.8409511
1.84433
1.8677735
-0.26931942
-0.27038828
-0.27367874
-0.27758287
-0.28247876
-0.28623112
-0.28748122
-0.29155893
-0.29625036
-0.30431382
-0.31200821
-0.30919654
-0.31649148
-0.33651587
-0.3346815
-0.3295209
-0.32310265
-0.38455043
-0.39391501
-0.3704171
-0.35968179
-0.35351457
-0.37578909
-0.38235769
-0.34792726
-0.34215115
-0.408041
-0.39616313
-0.40669779
-0.41369601
-0.42678318
-0.43542174
-0.44647405
-0.45600343
-0.46576402
-0.47765056
-0.49007494
-0.49886531
-0.51224382
-0.62086458
-0.68395963
-0.67259719
-0.66709167
-0.6561468
-0.60155552
-0.61401148
-0.62869471
-0.64493153
-0.58680138
-0.5753431
-0.56055463
-0.51995045
-0.53445677
-0.5363563
-0.7428224
-0.73619839
-0.73160246
-0.72422299
-0.70433729
-0.6894015
-0.72309302
-0.70156909
-0.68787003
-0.77780301
-0.77512032
-0.76721081
-0.77204918
-0.7749267
-0.77855732
-0.75400475
-0.75086012
1.8133533
1.79948
1.745731
1.6936461
1.7765383
1.6735416
1.6559479
1.647728
1.6222209
1.4736307
1.4993886
1.5152344
1.5587496
1.5960018
1.5526168
1.4240631
1.4199116
1.4455936
1.879491
1.8768469
1.864432
1.8482499
1.8844978
1.8996351
1.8974654
1.905452
1.9012032
1.4316316
1.5005633
1.6793416
1.6314531
1.5545624
1.7511521
1.7091827
1.82468
1.7973971
1.0036483
1.0847654
1.188722
1.2651895
1.3170358
0.72649915
0.78002367
0.82544023
0.88892722
0.93665271
0.48820394
0.45152321
0.46181683
0.46049475
0.45536026
0.45012544
0.46153426
0.48259125
0.49452747
0.5307889
0.55286661
0.56741296
0.6288251
1.8564114
1.8463121
1.8782174
-0.26962667
-0.27225893
-0.27520178
-0.27873603
-0.28433841
-0.28090134
-0.28925133
-0.29341694
-0.29605649
-0.30211122
-0.29778971
-0.312846
-0.30346504
-0.30868513
-0.31764495
-0.33898067
-0.33221196
-0.33025055
-0.3236477
-0.32008757
-0.38799804
-0.39462317
-0.3669602
-0.37269059
-0.36188877
-0.35604366
-0.35019735
-0.37853944
-0.38597752
-0.34544535
-0.33964607
-0.4128809
-0.40100594
-0.40943487
-0.42201978
-0.43122492
-0.44067119
-0.45040349
-0.46010348
-0.4696545
-0.48554784
-0.49412726
-0.50431221
-0.51918349
-0.64712979
-0.67517358
-0.65410835
-0.68062041
-0.66079917
-0.64953129
-0.59684952
-0.60362174
-0.62306971
-0.62875679
-0.575764
-0.56781584
-0.54546614
-0.54126802
-0.55086689
-0.7546747
-0.7479132
-0.7416871
-0.73289957
-0.72107583
-0.72041818
-0.70218065
-0.69848123
-0.69367532
-0.77199248
-0.76529977
-0.76225794
-0.75036071
-0.70132913
1.8322407
1.8044299
1.7286918
1.7588888
1.7053007
1.7947399
1.6866454
1.6592295
1.6425777
1.6342223
1.4779151
1.487273
1.5481795
1.5762695
1.6143993
1.5668184
1.4458084
1.4626507
1.9025539
1.8904767
1.8811599
1.8425165
1.9009238
1.9042962
1.9099085
1.9183931
1.9105641
1.3926429
1.4536936
1.5296789
1.663928
1.6163311
1.7655483
1.7199249
1.8180853
1.7884392
1.0156491
1.0993107
1.1382232
1.268448
1.3289829
0.66240034
0.72412648
0.81083085
0.84791601
0.87227112
0.48971086
0.44377702
0.45295168
0.44306252
0.4519896
0.46940691
0.44571017
0.45222505
0.45661643
0.48209418
0.49617631
0.54021566
0.5476043
0.5716218
1.8664087
1.8578727
1.8846674
-0.26929811
-0.27113995
-0.27586645
-0.2777187
-0.28581628
-0.28223831
-0.28740501
-0.29171018
-0.29453948
-0.29979797
-0.30124212
-0.31552655
-0.3116748
-0.30834586
-0.30630094
-0.33633961
-0.33422423
-0.32867212
-0.32728119
-0.32240714
-0.39061573
-0.39898089
-0.36763947
-0.37443548
-0.36304786
-0.35748743
-0.35185792
-0.3803952
-0.38736966
-0.34739279
-0.34122032
-0.41815183
-0.40462182
-0.41223792
-0.42493001
-0.43443452
-0.44407271
-0.45386841
-0.46460847
-0.47705678
-0.48748177
-0.49924571
-0.51398032
-0.52161562
-0.64063019
-0.68860862
-0.68107975
-0.66412825
-0.66056892
-0.65478689
-0.6009801
-0.61355392
-0.60842193
-0.62229957
-0.58927351
-0.5771908
-0.55921277
-0.56756557
-0.5325267
-0.54055374
-0.79912894
-0.7567992
-0.74123197
-0.72919769
-0.72409985
-0.71252445
-0.71259755
-0.70590602
-0.69675097
-0.68695261
1.8380124
1.8222408
1.7258035
1.7630262
1.7253044
1.7974183
1.693487
1.6700469
1.6376708
1.6483459
1.4941554
1.4769206
1.5576348
1.5579633
1.5890655
1.6242224
1.5820888
1.9092097
1.885279
1.8853218
1.8710591
1.8557558
1.9088567
1.9112529
1.9174802
1.9241135
1.9202261
1.3628622
1.4152309
1.4586832
1.5355927
1.6755728
1.6218176
1.7538978
1.7078201
1.8312409
1.8023636
0.9570652
1.0246495
1.1265738
1.2142637
1.2613033
0.63690656
0.65939188
0.7635995
0.83580179
0.85074077
0.42420333
0.44508607
0.4348347
0.44777903
0.45856721
0.43000682
0.44286018
0.44880107
0.47897133
0.49854723
0.49696653
0.54089637
1.880745
1.8633229
1.899841
-0.26769461
-0.26999713
-0.27102844
-0.27273511
-0.27636119
-0.27844393
-0.28379629
-0.2804524
-0.28882338
-0.29322833
-0.29560022
-0.3028776
-0.29970854
-0.31684043
-0.31289519
-0.30633983
-0.30707844
-0.33889945
-0.33333007
-0.331263
-0.32265495
-0.3206886
-0.39282468
-0.40090322
-0.36607753
-0.37053779
-0.37727243
-0.3599239
-0.35418916
-0.34929341
-0.38361422
-0.3899244
-0.34554178
-0.33522366
-0.41616327
-0.41707813
-0.40763478
-0.4145983
-0.4296633
-0.43855912
-0.44733731
-0.460272
-0.47056288
-0.4843984
-0.47612356
-0.4940073
-0.5060316
-0.5222528
-0.50910467
-0.64636348
-0.67660056
-0.6721029
-0.66459106
-0.65600297
-0.64584705
-0.58678394
-0.60573153
-0.62541641
-0.62893922
-0.63434781
-0.5798306
-0.59927395
-0.56614672
-0.55201159
-0.55988442
-0.57589901
-0.54003527
-0.5457704
1.8485895
1.840804
1.7412226
1.7761
1.7283646
1.7957087
1.7078086
1.6974418
1.6928784
1.6656384
1.6550671
1.495029
1.5235358
1.5190927
1.5475278
1.6140665
1.633587
1.5782909
1.9071276
1.8956791
1.8872982
1.8795686
1.8486481
1.9170747
1.9167069
1.9275719
1.9333551
1.9210183
1.3426012
1.3843287
1.4145602
1.4894931
1.5684626
1.6542381
1.5913507
1.7720885
1.7214668
1.8224584
1.7917701
0.88487563
1.0051087
1.05397
1.1642121
1.2395504
0.56303108
0.6142544
0.75227337
0.75234789
0.42158287
0.43522514
0.41551887
0.4483667
0.41536911
0.41585019
0.42847273
0.43987799
0.47795197
0.46832973
0.48153574
1.8900214
1.874096
1.9163994
-0.26626865
-0.26904045
-0.26980675
-0.27460123
-0.27465268
-0.277332
-0.28528143
-0.28139356
-0.285887
-0.29203767
-0.29281797
-0.30422872
-0.29808317
-0.31508521
-0.31194014
-0.30687771
-0.30198966
-0.33786771
-0.33283518
-0.33088569
-0.32555813
-0.31838929
-0.39673243
-0.40405327
-0.36511632
-0.37413794
-0.3795303
-0.36017462
-0.35512578
-0.35054533
-0.38525039
-0.39092269
-0.34727186
-0.33288219
-0.42117835
-0.42472606
-0.41084404
-0.4183687
-0.4348822
-0.44251672
-0.45212052
-0.46230934
-0.47060996
-0.47770211
-0.49002119
-0.49825713
-0.50670986
-0.51439322
-0.52823463
-0.63875026
-0.60420096
-0.61057428
-0.61547117
-0.62259117
-0.62643045
-0.58511071
-0.59103672
-0.57916463
-0.5470572
-0.56031608
-0.56785477
-0.52935199
-0.54116264
1.8572988
1.8262632
1.8515688
1.7513172
1.7862906
1.7416398
1.80704
1.7199353
1.7074823
1.6743456
1.6743257
1.6638365
1.5214306
1.545162
1.5635936
1.6019239
1.6608507
1.5777057
1.9157962
1.9105268
1.8878909
1.8735065
1.858895
1.9293916
1.9266897
1.9307284
1.9354848
1.9275628
1.29978
1.3862784
1.4030919
1.4850496
1.5502276
1.6648527
1.6090851
1.7536843
1.7349442
1.6927764
1.833662
1.8042876
0.84507453
0.93277976
1.0357789
1.1336497
1.1726881
1.2675163
0.51946901
0.53193932
0.61613797
0.70217957
0.7129058
0.40540653
0.43512391
0.39681187
0.43783486
0.39353965
0.39571513
0.39248351
0.41650716
0.44004051
0.41817021
0.44148247
1.8872661
1.8837688
1.9029423
1.9180011
-0.26716786
-0.26969702
-0.27108419
-0.27349323
-0.27529119
-0.27756542
-0.28149415
-0.28098413
-0.28768558
-0.29296933
-0.29372545
-0.29782601
-0.30069292
-0.29858061
-0.3143219
-0.31221113
-0.30697722
-0.29843479
-0.33303294
-0.32827578
-0.33264925
-0.31434677
-0.31599059
-0.39669777
-0.40770371
-0.36269607
-0.3606886
-0.37595927
-0.37762227
-0.38223343
-0.35651317
-0.35311497
-0.35039529
-0.38724855
-0.39240238
-0.35209752
-0.4221207
-0.42794343
-0.41366516
-0.42053405
-0.42893467
-0.43742989
-0.44650935
-0.45709928
-0.45454956
-0.46551873
-0.47352558
-0.48417316
-0.49520082
-0.48979559
-0.50102217
-0.50952929
-0.52143448
-0.53578037
-0.5977218
-0.60394391
-0.61322756
-0.57785222
-0.58686247
-0.57317037
-0.55104257
-0.55596169
-0.56363465
-0.53939887
-0.5451947
1.8675223
1.8216943
1.8530786
1.7662497
1.7942149
1.7492753
1.8224773
1.7343786
1.7075964
1.6897458
1.6813262
1.6776495
1.5430759
1.7108283
1.6802012
1.9217209
1.9140825
1.8971235
1.883033
1.8511139
1.9234152
1.9433469
1.9419305
1.9491237
1.9339947
1.3428284
1.3581638
1.435301
1.50711
1.5214108
1.5954152
1.638429
1.7676901
1.7320835
1.6986827
1.8240405
1.7890018
0.76249449
0.87216597
0.95661794
1.0649657
1.134728
1.2369184
0.45028279
0.47139642
0.56206994
0.63586062
0.38462505
0.41074284
0.42482136
0.38017997
0.3736647
0.36935815
0.3627238
0.387966
0.41653732
0.37852823
0.3852038
1.8947967
1.8861725
1.9050433
1.9262504
-0.26641506
-0.26854203
-0.27212611
-0.27297078
-0.27441981
-0.27656448
-0.28048413
-0.27834654
-0.28856333
-0.29212682
-0.29811982
-0.30031702
-0.30153561
-0.29608484
-0.3156279
-0.31925939
-0.32909791
-0.33416416
-0.3964336
-0.40625826
-0.41076273
-0.42444334
-0.42743666
-0.41661312
-0.42283567
-0.43372182
-0.4408392
-0.44797938
-0.45434156
-0.46176269
-0.46935592
-0.47575577
-0.48417174
-0.49012967
-0.49872219
-0.50617017
-0.51276532
-0.52170549
-0.52857147
-0.54644352
-0.5351927
-0.53930794
1.8880375
1.8321049
1.8490284
1.7739373
1.8021696
1.769173
1.826911
1.7368049
1.7219327
1.7016426
1.6937574
1.6837912
1.9283501
1.9113299
1.8937525
1.875414
1.8612573
1.9334869
1.9311048
1.9413738
1.9428328
1.9421124
1.9471406
1.3242833
1.3385394
1.4164284
1.4761294
1.5386274
1.5947206
1.6485303
1.7681936
1.7188207
1.6746841
1.8343739
1.7997112
0.72249575
0.81204577
0.90855804
1.0241777
1.0625894
1.1793625
1.2787746
0.39816071
0.39636306
0.4685991
0.51439418
0.58463089
0.58412092
0.64006799
0.36772393
0.39360706
0.35932993
0.3534858
0.3418913
0.33275509
0.35369838
0.37007102
0.32443131
0.33802258
1.9117891
1.8975949
1.9130947
1.9270643
-0.26606513
-0.26658161
-0.26727777
-0.26837985
-0.27127541
-0.27204285
-0.27454905
-0.27563501
-0.28802565
-0.28900084
-0.27900564
-0.27692697
-0.2881085
-0.29062968
-0.29440646
-0.2956426
-0.2983608
-0.42650265
-0.4315302
-0.43653802
-0.44390808
-0.45062696
-0.45913796
-0.46472647
-0.47202444
-0.48024986
-0.48656236
-0.49560778
-0.50151303
-0.50871301
-0.5175145
-0.52478681
-0.53837434
1.8786044
1.8896937
1.8459373
1.8651961
1.7806986
1.8121742
1.7641048
1.835146
1.7469849
1.7330964
1.7223924
1.6997047
1.9245244
1.917876
1.9014886
1.8835546
1.8522732
1.9362234
1.9444573
1.9493976
1.949522
1.9414856
1.9486914
1.9382062
1.2917419
1.3755456
1.4476036
1.5196411
1.5696834
1.6276136
1.7703878
1.7254835
1.6823557
1.8210812
1.7902432
0.73172299
0.82455781
0.94238069
1.0215854
1.1522973
1.2531343
0.33770417
0.32596343
0.3760093
0.4804401
0.5060382
0.57871635
0.34628021
0.37470918
0.34118337
0.32744326
0.31859483
0.29570288
0.30826733
0.32737223
0.27827827
0.29062802
1.9168697
1.9063656
1.9226843
1.9372232
-0.26565832
-0.26569125
-0.26711535
-0.27004559
-0.26946417
-0.27180821
-0.2737812
-0.27518505
-0.28703597
-0.28233605
-0.27893492
-0.27617482
-0.2824635
-0.29750347
-0.4295244
-0.4336464
-0.43984723
-0.4467667
-0.45316099
-0.46107315
-0.46751202
-0.47454486
-0.48215106
-0.48881424
-0.49779446
-0.50464873
-0.51192285
-0.52007086
-0.52785784
-0.53254855
1.8750368
1.8956838
1.8537695
1.8766735
1.8076521
1.8245997
1.7570221
1.8433174
1.7622909
1.7400782
1.7166072
1.694967
1.9334282
1.9137787
1.8947554
1.8751387
1.861854
1.9403573
1.949376
1.9509871
1.9498265
1.9446809
1.9576119
1.9464497
1.2721757
1.3567076
1.4348887
1.5131446
1.5736307
1.6384745
1.75371
1.7053131
1.6623239
1.8283414
1.7936442
0.66380027
0.76819038
0.89173295
0.93851535
1.0613016
1.0930729
1.20029
0.27871684
0.26556067
0.31240482
0.36078715
0.42211867
0.41960752
0.5067804
0.57334106
0.32627611
0.35544926
0.31553103
0.30781789
0.28650879
0.27000067
0.27648714
0.28167864
0.23629976
0.24462871
1.9242495
1.9121701
1.9281067
1.9418612
-0.26593638
-0.26591708
-0.26696294
-0.26884274
-0.27017778
-0.26931346
-0.2737571
-0.27387642
-0.2834577
-0.28598636
-0.27197152
-0.27582532
-0.27587533
-0.2775887
-0.43610306
-0.44261378
-0.44917883
-0.45649748
-0.4631851
-0.4697581
-0.47763153
-0.48467596
-0.49272154
-0.49970469
-0.50662236
-0.51527468
-0.5232566
1.8824452
1.9026094
1.8629132
1.8826337
1.8064674
1.8149234
1.8390787
1.7858475
1.8468289
1.7706969
1.7676218
1.6647515
1.9274061
1.9224986
1.9015843
1.8857758
1.8476013
1.9515132
1.9500599
1.9640873
1.9644869
1.9443342
1.9630971
1.9409951
1.2185851
1.3110355
1.4016298
1.47621
1.5378746
1.5832601
1.6086809
1.75897
1.7083436
1.66737
1.8196392
1.7796389
0.6759287
0.78358948
0.8123913
0.89918096
1.0135944
1.0991059
1.1838873
0.22407895
0.1944878
0.23750324
0.28740367
0.34793944
0.42649106
0.50327793
0.30212346
0.33422504
0.29588051
0.27813286
0.26633844
0.22910285
0.22694845
0.22842231
0.20035637
0.1975376
1.9285633
1.917015
1.9466097
1.9518174
-0.26570566
-0.26631403
-0.26649884
-0.26804097
-0.26902222
-0.27052978
-0.27398543
-0.27604001
-0.29099794
-0.28809082
1.8935949
1.9122735
1.8768938
1.8830783
1.7880217
1.8130665
1.8333254
1.7905575
1.8676486
1.7859368
1.8081105
1.7823657
1.9376521
1.9153594
1.8981964
1.873883
1.8660061
1.9540599
1.9582926
1.9564296
1.9580807
1.9619951
1.9541762
1.9588429
1.9501712
1.1920776
1.2957984
1.3959641
1.4889745
1.5367369
1.5739086
1.6160696
1.7352644
1.6935475
1.6382106
1.8347616
1.7884437
0.59578274
0.68838399
0.79331429
0.82048769
0.91857112
0.95041643
1.0541356
1.1308455
0.1561277
0.13100404
0.1751753
0.2149497
0.27068233
0.33750664
0.42381326
0.50444908
0.27880788
0.31048679
0.26615741
0.25968421
0.23140799
0.20958596
0.20074935
0.19087311
0.13176872
0.14393734
1.923146
1.9279319
1.942559
1.9470931
1.9532908
-0.26346776
-0.26434243
-0.26520609
-0.26570278
-0.26678936
-0.26657699
-0.27291214
-0.27242822
1.9010224
1.9181792
1.8784003
1.905787
1.7983217
1.8184828
1.8243053
1.8019412
1.8681349
1.8713315
1.7895428
1.9326113
1.9323503
1.9069603
1.8816053
1.8523369
1.9634026
1.9596794
1.9628798
1.9632035
1.9691603
1.951147
1.9664169
1.9447538
1.1443047
1.2339145
1.3110486
1.3431314
1.4179121
1.5078716
1.4388254
1.5540365
1.609145
1.7508503
1.6982684
1.6396304
1.8083135
1.8304393
1.762633
1.788904
0.52081987
0.62232429
0.71543632
0.76352311
0.85866747
0.98516854
1.0345175
1.1119052
0.10634496
0.055663857
0.095713814
0.12888788
0.17201157
0.24781999
0.32111946
0.41058728
0.25104091
0.28715413
0.24388999
0.22926143
0.21481269
0.16649037
0.14929376
0.12446671
0.10043003
0.11915092
1.9379186
1.9310057
1.9405143
1.9535391
1.9616549
-0.2633595
-0.2645644
-0.26496187
-0.26588907
-0.26592504
-0.26705832
-0.2679784
-0.26537451
-0.27877716
1.9146691
1.9294863
1.8715547
1.9087912
1.9116222
1.8127748
1.835866
1.8542573
1.8080207
1.8546753
1.8798782
1.9411676
1.9210786
1.9061179
1.8910063
1.8685119
1.8561275
1.9613681
1.9686399
1.9709085
1.9651244
1.9661687
1.960683
1.9629396
1.9545173
1.1189269
1.2262389
1.2835005
1.3458499
1.4107756
1.5059299
1.486794
1.5528719
1.6047108
1.7282161
1.6635546
1.7007929
1.6271262
1.8143888
1.8368662
1.7702765
1.7908924
0.48574827
0.559893
0.65554475
0.68725154
0.79633113
0.89574437
0.94593253
1.0619267
0.037157995
0.0029721987
0.041584322
0.065866791
0.084546605
0.1577498
0.23030003
0.34303683
0.40963765
0.22585113
0.26026127
0.21354604
0.21547335
0.17768585
0.15181
0.13409246
0.10462322
0.080761784
0.036879398
0.06225114
1.9447538
1.9407299
1.9458624
1.9565601
1.9638069
-0.26299115
-0.26268349
-0.26249675
-0.26351213
-0.26388648
-0.26308934
-0.27141713
1.9246426
1.9318749
1.8975106
1.8947382
1.911522
1.8173599
1.8319999
1.851894
1.8676814
1.8819194
1.9310693
1.9240265
1.9130659
1.8981363
1.879185
1.8569375
1.9713188
1.9683388
1.9764457
1.9749748
1.9754834
1.9564878
1.9726509
1.947373
1.0636563
1.1360202
1.1779259
1.2508994
1.3214062
1.3665646
1.4221755
1.5275629
1.4911134
1.5780924
1.7311911
1.6809343
1.7054708
1.6253105
1.8225796
1.8140357
1.7467292
1.7788359
0.48862385
0.58030937
0.61767165
0.74718895
0.85022262
0.97583145
1.0291124
0.014186661
-0.011806238
-0.086380572
-0.037347007
-0.026097023
-0.01371911
0.065986837
0.13859057
0.26441543
0.34237776
0.19694548
0.23581842
0.20265195
0.18612063
0.16419805
0.11032235
0.083708703
0.040540621
0.0087548301
-0.018980187
1.9519423
1.944169
1.9566482
1.9664496
1.9735712
-0.26303059
-0.26202038
-0.26446461
-0.26313422
-0.26398391
-0.25912001
-0.26274505
1.9256678
1.9499737
1.8970661
1.9044367
1.9117493
1.9424573
1.9283944
1.9059437
1.8935695
1.867391
1.8600374
1.9749456
1.9778247
1.9757142
1.9735427
1.9723119
1.9670081
1.9678688
1.9598381
1.0360249
1.0949014
1.1737707
1.2444006
1.3123183
1.3641511
1.4111585
1.4557337
1.5291913
1.5086014
1.5764139
1.729251
1.6593167
1.6901564
1.6282499
1.5950361
1.8311832
1.8166534
1.7569188
1.7858508
0.40774269
0.4957325
0.53921951
0.66544088
0.78493912
0.88956823
0.93308392
-0.055149924
-0.098532756
-0.16681049
-0.091531745
-0.073337404
-0.072934662
-0.029615969
0.064342324
0.10115849
0.16153705
0.32816927
0.17337714
0.18594432
0.20777066
0.16930677
0.12986025
0.10353887
0.073043687
0.036535722
-0.0022599268
-0.0085333239
-0.026094889
-0.069850312
1.9546592
1.9565825
1.9627169
1.9674796
1.9734805
-0.26251846
-0.2629892
-0.26397639
-0.26243643
-0.26219734
1.8983666
1.9678809
1.9550961
1.9371281
1.9349419
1.9178749
1.9025506
1.8729931
1.8454437
1.9838705
1.9787036
1.9879576
1.9847209
1.9838643
1.9630193
1.983107
1.9591173
0.97366321
1.0678169
1.1397142
1.2004556
1.2745041
1.3347177
1.3841928
1.4479113
1.446601
1.5504908
1.5077771
1.7312744
1.6566627
1.6932918
1.6283684
1.5958886
1.8254447
1.800442
1.7446669
1.7692007
0.41787421
0.48586261
0.63954329
0.75040668
0.85610009
-0.11336903
-0.1735596
-0.23644697
-0.18631778
-0.17872754
-0.20695961
-0.10298076
-0.028473382
-0.016874114
0.13802067
0.21882109
0.14558399
0.1810501
0.14980849
0.13922891
0.11876107
0.064560277
0.024377024
-0.018422341
-0.057325345
-0.088832107
-0.084177045
-0.13491869
1.9641009
1.9560739
1.9693117
1.983202
1.9866148
-0.26284644
-0.26419534
-0.26233815
-0.26254838
-0.26254859
1.9551065
1.9271301
1.9062546
1.890826
1.8730665
1.8572943
1.849907
1.9799964
1.9906979
1.9844287
1.9845406
1.9827241
1.9823736
1.9772634
1.9825038
1.9639851
0.96842195
1.0456626
1.1545014
1.2087462
1.2741363
1.3308384
1.3776222
1.4335445
1.468993
1.5495578
1.528938
1.7115622
1.6529653
1.6743243
1.60994
1.5705588
1.8310242
1.8061117
1.7509048
1.7766517
0.33355004
0.36976869
0.50932405
0.5997344
0.68009997
0.7893477
0.86652883
-0.19043047
-0.25767671
-0.33428066
-0.23605399
-0.22139999
-0.24181701
-0.27082918
-0.19082811
-0.066868439
-0.049835069
0.033953604
0.23610072
0.1228618
0.13421625
0.15160905
0.12859187
0.086274286
0.059690373
0.030623261
-0.014562154
-0.023313026
-0.047318712
-0.1178465
-0.1393273
-0.14474912
-0.19705587
1.9598765
1.9504365
1.9921577
1.9830477
1.9845131
-0.26091158
-0.26039634
-0.26132782
-0.26215087
-0.26134277
1.9530938
1.9431795
1.9147457
1.8993958
1.891942
1.8810549
1.8454771
1.9913956
1.9851796
1.9900117
1.9941687
1.9944383
1.9912105
1.9719281
1.9717389
1.9859079
1.9530883
1.9591862
0.9259281
0.99762124
1.0599423
1.1111779
1.1762601
1.2359664
1.2976333
1.3513198
1.3988842
1.4318297
1.493165
1.535217
1.7148537
1.6537937
1.682126
1.6120567
1.5707647
1.8163161
1.7896358
1.7272467
1.7623044
0.32800988
0.38969605
0.47426253
0.56521614
0.67169884
0.77348095
0.84507605
-0.26385756
-0.34373651
-0.42147883
-0.3500622
-0.32022625
-0.36318191
-0.41055898
-0.25709844
-0.2139559
-0.17692199
-0.17936798
-0.036732433
0.036551727
0.17189463
0.099735851
0.13027464
0.10306912
0.099169586
0.077988465
0.0236035
-0.0096603299
-0.057782531
-0.087665245
-0.098112398
-0.164447
-0.19520298
-0.20742779
-0.26329635
-0.2611323
-0.26209996
-0.26143989
-0.26124873
-0.26197941
1.9342667
1.9507481
1.9329535
1.9067488
1.90774
1.9019528
1.8834043
1.8733589
1.8465461
1.9909813
1.9878346
1.9903526
1.9922896
1.9844184
1.9838993
1.9753203
1.9828317
1.98545
1.9663659
1.9735407
0.90436565
0.98290033
1.0411713
1.1256455
1.1837184
1.2424013
1.3021025
1.3530035
1.4008426
1.4793528
1.4430546
1.5099849
1.5633084
1.705989
1.6304492
1.6677934
1.5866364
1.823096
1.7974829
1.753794
1.7744761
0.24160416
0.35326859
0.42510398
0.50208461
0.55219775
0.71668583
0.60820475
0.80319631
0.88211655
-0.34525987
-0.43612919
-0.50447925
-0.42913366
-0.39721349
-0.44391318
-0.4674265
-0.34277101
-0.30569266
-0.21936446
-0.2053782
-0.17037388
0.067018013
-0.072467282
0.18545924
0.080168912
0.087019863
0.10499184
0.085114943
0.042718363
0.020509346
-0.0076077091
-0.049562658
-0.10784298
-0.12225554
-0.15099407
-0.22139044
-0.24144934
-0.21365001
-0.25140149
-0.34465995
-0.26120152
-0.26108671
-0.26172253
-0.26084225
-0.26180763
1.9478616
1.9527149
1.9333022
1.9196354
1.9274052
1.8929866
1.8874281
1.8425898
1.8666126
1.8285067
1.9744351
1.9745618
1.961327
1.9631209
0.93144836
1.0050109
1.0471379
1.1147967
1.1515129
1.2113166
1.2666891
1.3222672
1.3755859
1.4185327
1.46121
1.4588624
1.5052695
1.5533354
1.7011303
1.6380153
1.6716447
1.6082466
1.8027695
1.7894539
1.7510889
1.756703
0.23053408
0.25853677
0.33836013
0.42516125
0.52360349
0.53567545
0.7145048
0.6219895
0.79882182
0.8771556
-0.4329551
-0.50885116
-0.52673252
-0.54532868
-0.49184055
-0.51017866
-0.55708326
-0.42980372
-0.55950737
-0.35482768
-0.3278654
-0.32618569
-0.14535576
0.073399632
-0.042286314
0.11049771
0.056748748
0.052675932
0.033887512
-0.012584028
-0.043775726
-0.08839578
-0.1428539
-0.17294097
-0.18916904
-0.26658314
-0.31181054
-0.2933146
-0.30981566
-0.42036368
-0.26127261
-0.26077914
-0.26084913
-0.26084254
1.9367416
1.9612766
1.9337297
1.9223894
1.9115969
1.9052209
1.8716296
1.8617162
1.8755028
1.8443124
0.93820329
1.0091352
1.0638457
1.0869379
1.151955
1.2158625
1.2728129
1.3277264
1.3775264
1.4174814
1.4802505
1.4611011
1.5191022
1.5537918
1.6793386
1.6934934
1.6296072
1.6443517
1.588594
1.8284235
1.789475
1.7214416
1.7730867
0.16497641
0.28686295
0.28304608
0.37489241
0.46470293
0.54054744
0.67979113
0.73907984
0.58448062
0.82785351
0.90341016
-0.51251032
-0.58445901
-0.62203241
-0.61843986
-0.55157887
-0.53380666
-0.57822482
-0.62328122
-0.47587518
-0.62805965
-0.58474882
-0.44803041
-0.36391597
-0.34678762
-0.21527534
-0.0090445041
-0.10428069
0.12356613
0.037899381
0.0020700681
-0.01253736
-0.041022441
-0.080933468
-0.13243998
-0.19091492
-0.2071216
-0.24289955
-0.3335321
-0.35585002
-0.33461348
-0.37602096
-0.47952371
-0.26058675
-0.259973
-0.26048582
1.9472999
1.9489036
1.941599
1.9309522
1.9194321
1.8998071
1.8941254
1.8507492
1.870721
1.8333526
0.96387412
1.0269501
1.1026638
1.1269396
1.1851027
1.2413003
1.2816031
1.3510836
1.4056557
1.4178037
1.4883724
1.4750997
1.5238964
1.5691269
1.6966669
1.7173077
1.6197614
1.6737821
1.5849285
1.8272831
1.7784291
1.7838034
1.7119875
1.7264116
1.7698043
0.18483521
0.25396273
0.3220381
0.39311232
0.47252639
0.49021515
0.65473944
0.78350335
0.587431
0.84186146
0.9091216
-0.52026212
-0.55670283
-0.65000026
-0.67680836
-0.67849837
-0.62265385
-0.61955474
-0.69013517
-0.7374311
-0.57077427
-0.69535307
-0.68170372
-0.48074623
-0.42987153
-0.33367586
-0.43007068
-0.17204272
0.015430437
-0.13572301
0.062760938
0.0076895935
-0.0019772721
-0.04163873
-0.075157083
-0.11668093
-0.16770384
-0.22714722
-0.25912723
-0.28057351
-0.37448263
-0.42620383
-0.40309339
-0.42249725
-0.51385221
-0.50269466
-0.2605515
-0.26008053
1.9415721
1.9315321
1.9221964
1.9122745
1.9025808
1.8991226
1.8541767
1.8587393
1.864485
1.835314
0.96801128
1.0231733
1.0739822
1.1362578
1.1955665
1.2547836
1.3168163
1.3625254
1.3935714
1.4617854
1.5002616
1.4955399
1.5193186
1.5491013
1.6820955
1.7038169
1.5969513
1.6122949
1.67196
1.5754616
1.8124171
1.7858615
1.8083985
1.7503458
1.7368211
1.7570184
0.14769874
0.21894758
0.37197813
0.33651909
0.44628026
0.52861292
0.64984454
0.61475156
0.81226553
0.79214328
0.54353992
0.87015105
0.93141
-0.60739367
-0.62210086
-0.67518086
-0.7039312
-0.73396362
-0.68487613
-0.74312871
-0.67606807
-0.70494951
-0.7429615
-0.78492916
-0.5929026
-0.78306335
-0.70225174
-0.57155045
-0.49757131
-0.32038109
-0.47565427
-0.44045543
-0.17750529
0.026244141
-0.082226198
-0.12560172
0.087797717
0.00047996274
-0.043197045
-0.072243315
-0.11026393
-0.15750653
-0.21343438
-0.27670201
-0.29412124
-0.33712332
-0.42491765
-0.47424636
-0.44923369
-0.49234534
-0.59064537
-0.58704558
-0.2596215
1.8998788
1.8874395
1.8432536
1.8728489
1.888546
1.8210668
0.96877065
1.0315387
1.0497594
1.1319419
1.1176601
1.1998641
1.1838826
1.2620695
1.2508085
1.332422
1.3386987
1.3884534
1.4136808
1.4526496
1.4887024
1.5165141
1.5147898
1.5514057
1.5511307
1.6831936
1.7105322
1.6152714
1.646898
1.6501354
1.58582
1.8134138
1.7682454
1.796997
1.7571018
1.7417733
1.7187871
0.13323263
0.21205067
0.17715093
0.35208275
0.2965986
0.40344093
0.5435667
0.70208153
0.64452407
0.80467504
0.70181692
0.57202636
0.87946926
0.94963347
-0.65381834
-0.68373595
-0.75941323
-0.76955564
-0.78475596
-0.7439072
-0.79922747
-0.74754561
-0.7953417
-0.85124555
-0.84030174
-0.69265642
-0.80336955
-0.76304606
-0.60031987
-0.58485034
-0.29073046
-0.33502126
-0.54804519
-0.39714342
-0.42345742
-0.23349287
-0.018580059
-0.044490399
-0.23269771
-0.12342524
0.096100109
-0.068064634
-0.10172281
-0.14261953
-0.1915567
-0.24826077
-0.31157299
-0.34702846
-0.36698727
-0.44097676
-0.45782357
-0.53684419
-0.51947822
-0.54777252
-0.63679515
-0.63960671
-0.2601094
1.8884723
1.8533448
1.8563695
1.8693853
1.8311396
1.0222698
1.0667285
1.1006272
1.1083285
1.1573159
1.1757889
1.220842
1.2369225
1.2836144
1.2957328
1.3280841
1.3867932
1.4028834
1.4596595
1.4495097
1.5183446
1.4892405
1.5618532
1.6642885
1.695638
1.601283
1.6292525
1.649765
1.5811756
1.8204475
1.7782768
1.8040798
1.7622847
1.7477901
1.7278391
0.099304644
0.27333733
0.21490465
0.35654735
0.34567025
0.27877002
0.39672134
0.45134621
0.66613505
0.70010934
0.63083254
0.79047921
0.78736145
0.67105746
0.59074935
0.88596816
0.86398543
0.95862221
0.94267942
-0.71083022
-0.73014953
-0.79473396
-0.81086172
-0.84417987
-0.80431601
-0.85578522
-0.8013816
-0.84697103
-0.8769697
-0.91008767
-0.68021076
-0.85052458
-0.81862546
-0.64775433
-0.54026507
-0.23270206
-0.34854584
-0.57054092
-0.41272055
-0.53411521
-0.47951507
-0.26877497
-0.080767658
0.0075623621
-0.06049372
-0.16490012
-0.1569537
0.086983295
-0.097812922
-0.13582117
-0.18197331
-0.23535222
-0.29559005
-0.36191131
-0.38162185
-0.41939068
-0.50287382
-0.51417592
-0.56354994
-0.58752769
-0.609416
-0.63483983
-0.67791866
-0.68869036
-0.25956125
1.8372151
1.8261088
1.0422964
1.0455558
1.0773062
1.1047489
1.1287456
1.1690286
1.198348
1.2302744
1.26106
1.291743
1.3183632
1.3473442
1.4581655
1.4011584
1.4817342
1.463417
1.5476462
1.4775147
1.5545943
1.6750595
1.704927
1.608157
1.6357477
1.6566717
1.582411
1.8074662
1.7704258
1.7892619
1.7476293
1.7280602
1.7093997
0.13491769
0.20164679
0.21781272
0.40876989
0.31785761
0.29396648
0.46580988
0.47597668
0.43960542
0.70124058
0.74184416
0.58244783
0.76501764
0.83416492
0.7605606
0.52746029
0.85630951
0.90867227
0.92431886
0.98137851
-0.75530705
-0.78880377
-0.85773708
-0.87033549
-0.86989561
-0.87992907
-0.85851277
-0.90410704
-0.86442473
-0.91339092
-0.92910714
-0.87860968
-0.95628016
-0.70259937
-0.87678995
-0.80369249
-0.86575804
-0.64840241
-0.58115624
-0.23271389
-0.31906195
-0.5373921
-0.41242194
-0.43045057
-0.49771595
-0.50765141
-0.21011757
-0.042759875
0.088916304
-0.087128506
-0.20835024
-0.14654517
0.068619644
-0.16680917
-0.21477118
-0.26919422
-0.32948269
-0.39489328
-0.43316376
-0.45405422
-0.53211216
-0.56522398
-0.63215725
-0.64739758
-0.65675068
-0.70908578
-0.72547017
-0.73714345
-0.26018761
0.99183619
1.0381079
1.0812657
1.1109206
1.1356056
1.1750291
1.2052955
1.236066
1.2662138
1.2962035
1.3265092
1.3481647
1.5034136
1.460785
1.4892231
1.5529998
1.5188684
1.5482467
1.6657464
1.6881714
1.6010518
1.6204221
1.638894
1.5759798
0.17924428
0.22010152
0.14340904
0.44490234
0.42840672
0.31520045
0.30875004
0.30679004
0.46207217
0.56202863
0.7812506
0.72869248
0.73645827
0.56203268
0.49563562
0.75557766
0.78982676
0.84708743
0.56112139
0.87708438
0.91478406
0.95207411
0.99132093
-0.80921222
-0.83104522
-0.89466997
-0.9097577
-0.92882942
-0.93420695
-0.91576651
-0.94817862
-0.91444391
-0.9740711
-0.96215307
-0.97327463
-0.94512247
-0.9404498
-0.72480689
-0.94043844
-0.76160674
-0.85371172
-0.70665792
-0.6219899
-0.37248577
-0.32512275
-0.66541763
-0.57141159
-0.37415218
-0.44731906
-0.50007732
-0.50637683
-0.18746083
0.10658279
-0.002384965
-0.051116212
-0.10409004
-0.21719842
-0.11926691
0.047804727
-0.20526702
-0.25706368
-0.31459438
-0.37729722
-0.4437152
-0.46440914
-0.50705899
-0.58543855
-0.60791013
-0.67865008
-0.6845866
-0.71716781
-0.73998339
-0.7706236
-0.78121552
1.0301805
1.0548667
1.0797735
1.1163673
1.1477431
1.1927122
1.2156554
1.2549263
1.274099
1.312926
1.3212389
1.2631633
1.4742628
1.518232
1.5168439
1.5429578
0.069722444
0.10048166
0.34681106
0.061055929
0.14008388
0.41383899
0.35840748
0.31596959
0.37125759
0.24527598
0.39815994
0.37782366
0.65598069
-0.84861568
-0.88662767
-0.94767393
-0.96657991
-0.95169874
-0.97050878
-0.97268737
-1.0006983
-0.98781079
-1.016883
-0.97864505
-1.0219468
-0.95080639
-0.97839016
-0.77206866
-0.89730475
-0.78269565
-0.90097499
-0.67643751
-0.65154282
-0.3932597
-0.30337638
-0.56645834
-0.56104338
-0.38611266
-0.26216859
-0.5598894
-0.46115189
-0.55727674
-0.38050338
-0.32299115
-0.011118523
-0.013224565
-0.07590456
-0.142122
-0.09376919
-0.19996754
0.065410944
-0.23678288
-0.28947364
-0.34773314
-0.40995489
-0.47569669
-0.5133215
-0.53681582
-0.61932124
-0.65846144
-0.7306503
-0.72970129
-0.7542133
-0.78773682
-0.8107843
-0.82898582
0.11176775
0.12340928
0.25629434
0.38842934
0.39510278
0.36751611
0.30051504
0.34148443
-0.89842056
-0.92214247
-0.99625661
-0.9920528
-1.0031453
-1.0149867
-1.0075985
-1.0070651
-1.022157
-1.0502455
-1.0514756
-1.0068213
-1.0571554
-0.96065882
-0.99336618
-0.78419558
-0.900369
-0.83469532
-0.90068654
-0.64485976
-0.66371223
-0.26023545
-0.41279904
-0.50039761
-0.61943512
-0.67666304
-0.58094686
-0.39821154
-0.28210848
-0.055676735
0.058778618
-0.18572274
-0.13436452
-0.14046042
-0.16197078
-0.038691683
0.028823671
-0.27845802
-0.33428712
-0.39399377
-0.45701557
-0.52253708
-0.54396808
-0.58683721
-0.66098692
-0.69420174
-0.75026346
-0.76431527
-0.75572896
-0.75546452
-0.79342576
-0.8161618
-0.81034394
-0.84864337
-0.86666743
0.090319415
-0.93091558
-0.97172599
-1.0305075
-1.0521939
-1.0314894
-1.0396476
-1.0699508
-1.0660287
-1.0468929
-1.0414916
-1.0212948
-1.0378567
-1.06038
-1.0235439
-1.0184343
-0.75315392
-0.74099005
-1.0102917
-1.0114423
-0.86469017
-0.82799873
-0.8178623
-0.7119493
-0.60841817
-0.58546556
-0.14380577
-0.61556175
-0.58562475
0.039217885
0.03957451
0.12985416
0.038730619
-0.3691576
-0.42725253
-0.49029446
-0.55643502
-0.58964129
-0.61485244
-0.68696998
-0.68671837
-0.7315353
-0.80266265
-0.8020677
-0.79906068
-0.79221812
-0.82544975
-0.85790696
-0.85691855
-0.8816215
-0.90877221
-0.97366796
-0.99656856
-1.0438903
-1.0582561
-1.0867889
-1.0784136
-1.0834988
-1.0807678
-1.0955778
-1.1076993
-1.1010049
-1.0834003
-1.1110338
-1.0515728
-1.0431884
-1.0815815
-1.0348242
-1.0404808
-0.80070478
-0.7252394
-0.93624794
-0.91028853
-0.79287995
-0.81334475
-0.88403684
-0.9754124
-0.63589509
-0.58874981
-0.61409008
-0.65201901
-0.60966569
-0.41173781
-0.47192303
-0.53657718
-0.59820971
-0.62020133
-0.65865063
-0.72430262
-0.73065145
-0.7588832
-0.82283545
-0.82695611
-0.8150629
-0.81357205
-0.85972221
-0.88280981
-0.878948
-0.91664883
-0.93902443
-0.99882726
-1.0413823
-1.0942074
-1.1016392
-1.0921844
-1.0950815
-1.1008739
-1.1190797
-1.126923
-1.1197665
-1.0993727
-1.0787768
-1.1207027
-1.1490425
-1.0728555
-1.0646264
-1.1034883
-1.0387651
-1.0485114
-0.72787795
-0.67892601
-0.8645574
-1.1168045
-0.87250325
-0.93526804
-0.93406055
-0.72605793
-0.9675326
-0.76330891
-0.50591461
-0.57499938
-0.62975633
-0.66050464
-0.6870724
-0.74672139
-0.74931733
-0.78833161
-0.85823349
-0.85630879
-0.84815315
-0.84226642
-0.88183303
-0.91768462
-0.91751456
-0.94172558
-0.97707069
-1.0360008
-1.0589229
-1.114558
-1.113799
-1.1246823
-1.0836266
-1.1221728
-1.1286532
-1.1456066
-1.1462423
-1.1138383
-1.1442771
-1.1396817
-1.1468607
-1.121723
-1.10823
-1.1133407
-1.0712107
-1.0918692
-1.1082562
-0.94651124
-1.0657949
-0.48522965
-0.55559847
-0.61152725
-0.66657776
-0.69571352
-0.71916376
-0.77524753
-0.78051618
-0.80743555
-0.87962145
-0.87403683
-0.86639257
-0.8591344
-0.91469374
-0.94050315
-0.93929106
-0.97685656
-1.0009923
-1.0553028
-1.090367
-1.1394644
-1.1274132
-1.1276849
-1.1426276
-1.1283217
-1.1400714
-1.1205786
-1.145569
-1.158134
-1.152019
-1.1472487
-1.147649
-1.1423769
-1.1301755
-1.0934097
-1.0667516
-1.1590707
-1.1457214
-0.97269244
-0.58758199
-0.65228598
-0.69198631
-0.72408572
-0.7452054
-0.79962089
-0.80239777
-0.8340033
-0.91018876
-0.90306948
-0.89357786
-0.88341065
-0.93392855
-0.97406395
-0.97061037
-0.99699296
-1.0355859
-1.0870953
-1.1178935
-1.1512412
-1.132905
-1.1360419
-1.1497664
-1.1736444
-1.1654647
-1.1402549
-1.1571353
-1.1854528
-1.1929095
-1.1891241
-1.1326895
-1.1421938
-1.1323585
-1.1437088
-1.0517012
-1.1047593
-1.18334
-1.1539603
-1.1782056
-0.62467959
-0.6453032
-0.71768345
-0.7494254
-0.77246746
-0.81927812
-0.82687699
-0.85216116
-0.92767223
-0.91754186
-0.90727216
-0.89580365
-0.96187866
-0.99421624
-0.98766959
-1.0279083
-1.0518718
-1.0917343
-1.1262197
-1.1755571
-1.162312
-1.1605068
-1.1654942
-1.18431
-1.1938634
-1.1770115
-1.1529414
-1.1732539
-1.2074688
-1.1643996
-1.1921584
-1.1906377
-1.1730012
-1.1670693
-1.1390962
-1.1617453
-1.0198772
-1.0709204
-1.1317848
-0.69611642
-0.71353684
-0.74070474
-0.77848743
-0.77267163
-0.81700045
-0.84677101
-0.87453838
-0.95583924
-0.94324233
-0.93052081
-0.91603729
-0.97722078
-1.0234674
-1.0145736
-1.0443483
-1.0789617
-1.1296628
-1.1118062
-1.1695359
-1.165963
-1.1667977
-1.1747606
-1.1886952
-1.1781286
-1.1924763
-1.1497272
-1.1676614
-1.1977311
-1.1754426
-1.1942866
-1.1977627
-1.1608682
-1.1501677
-1.1780338
-1.2387818
-1.0919428
-1.1593575
-1.0679242
-1.1730476
-1.1387938
-0.71904459
-0.75225596
-0.76467684
-0.78298796
-0.82064038
-0.83451403
-0.86609923
-0.8653732
-0.88185884
-0.96555162
-0.95223322
-0.93975973
-0.92411884
-1.0032008
-1.036605
-1.0355039
-1.0705432
-1.0994804
-1.1249433
-1.1503866
-1.1604605
-1.1869441
-1.1817126
-1.1812736
-1.1891113
-1.2224782
-1.1925162
-1.1589902
-1.1970313
-1.2036882
-1.1642004
-1.2242452
-1.1965355
-1.2004772
-1.1271175
-1.1677114
-1.15775
-1.1328235
-1.2185156
-0.73095538
-0.75293959
-0.76423831
-0.78858348
-0.81048313
-0.8282104
-0.85668865
-0.8812213
-0.86800435
-0.90602504
-0.98854505
-0.97266389
-0.95858217
-0.93949814
-1.0011409
-1.0590058
-1.0482608
-1.0673328
-1.1140721
-1.1437307
-1.1416661
-1.1667788
-1.1964276
-1.1832075
-1.186143
-1.1921737
-1.2132129
-1.2003041
-1.1925759
-1.2227107
-1.1991671
-1.1988781
-1.2531743
-1.2167961
-1.2079171
-1.2158893
-1.2060948
-1.193011
-1.1681869
-1.187776
-1.1513395
-0.73197557
-0.76158417
-0.78065259
-0.79616058
-0.81179521
-0.82438052
-0.85551924
-0.86753314
-0.89572864
-0.9160252
-0.99004555
-0.97681112
-0.96949251
-0.9403064
-1.0404768
-1.0561727
-1.0337526
-1.1085814
-1.0953448
-1.1435981
-1.1458253
-1.1747789
-1.2174611
-1.1950256
-1.199255
-1.2057008
-1.18389
-1.2030109
-1.2350641
-1.259548
-1.1770675
-1.1942441
-1.2079923
-1.1850979
-1.2106692
-1.2290695
-1.2170703
-1.2209025
-1.186304
-1.2417196
-1.1780214
-1.1973064
-0.74584136
-0.76248345
-0.77052219
-0.81138118
-0.81652029
-0.83310331
-0.8509102
-0.8629049
-0.8922306
-0.9208837
-1.0135514
-0.9964133
-0.98627035
-0.96936447
-1.0323045
-1.0621634
-1.0893404
-1.0778139
-1.1325349
-1.1033676
-1.138131
-1.1590582
-1.1652046
-1.1761476
-1.2177666
-1.2038869
-1.1926493
-1.2213975
-1.2520825
-1.2239403
-1.2265375
-1.2020025
-1.2333203
-1.200966
-1.1823824
-1.2068816
-1.1613204
-1.2258564
-1.2505943
-1.2367287
-1.2278484
-1.2246143
-1.1926558
-1.1739287
-1.1777737
-1.1786032
-0.77049598
-0.78819175
-0.80835973
-0.81841924
-0.82913063
-0.8606766
-0.87889787
-0.9162193
-0.89587705
-1.0093691
-0.9895438
-0.96535475
-0.94495043
-0.97474704
-1.0415315
-1.0503537
-1.0865798
-1.0812926
-1.1165273
-1.1096285
-1.1447706
-1.1573732
-1.1637728
-1.1871252
-1.2130824
-1.2030282
-1.2194732
-1.2123333
-1.2185186
-1.2273454
-1.2342204
-1.211456
-1.2365206
-1.1852285
-1.220747
-1.2237832
-1.229578
-1.2281991
-1.2137305
-1.227422
-1.2333806
-1.2361806
-1.1901175
-1.1971746
-1.1978665
-0.76046784
-0.78017115
-0.79746428
-0.79263366
-0.80074152
-0.84294198
-0.85567063
-0.87460412
-0.89944169
-0.93134695
-0.95068427
-1.0253667
-1.0128465
-0.99219321
-0.96666713
-0.9699197
-0.97385736
-1.0378953
-1.0496624
-1.0997615
-1.0878922
-1.1195885
-1.1101785
-1.1512094
-1.1667397
-1.176445
-1.1744757
-1.2116923
-1.1773648
-1.2094037
-1.2384436
-1.1843677
-1.2151139
-1.2377037
-1.2393718
-1.2230998
-1.2356896
-1.1560682
-1.2471142
-1.2261507
-1.2368321
-1.2277608
-1.2343279
-1.2250854
-1.2497821
-1.2346101
-1.2356532
-1.2066877
-0.77303233
-0.78583848
-0.80022662
-0.82078445
-0.83465649
-0.8361123
-0.85935262
-0.87649986
-0.89657097
-0.91025771
-0.93579694
-1.0206246
-1.0053454
-1.0016245
-0.94393287
-0.96343124
-0.96981497
-1.0537039
-1.066498
-1.0959803
-1.0834137
-1.1346596
-1.1230645
-1.1501
-1.1719908
-1.1614602
-1.2055045
-1.2324427
-1.227447
-1.2196706
-1.2172088
-1.2119829
-1.2307104
-1.2309442
-1.2520102
-1.2275044
-1.2266964
-1.2440749
-1.2189772
-1.1886817
-1.2058182
-1.2204353
-1.228521
-1.2232071
-1.2262517
-1.2330822
-1.2196996
-1.2372263
-1.2004484
-0.76728242
-0.77828826
-0.79243227
-0.81338078
-0.81851192
-0.83710633
-0.84840897
-0.87906813
-0.89231029
-0.90476844
-0.93062553
-1.0368703
-1.0210085
-1.0056518
-0.93780362
-0.96807436
-0.98017783
-1.0474104
-1.0626276
-1.1068326
-1.0945375
-1.1445433
-1.1124564
-1.1569082
-1.1883227
-1.1756039
-1.1989588
-1.2286327
-1.196601
-1.2129387
-1.2175123
-1.2160477
-1.229112
-1.2342192
-1.2385216
-1.2593578
-1.2358275
-1.2510085
-1.2045524
-1.2045482
-1.1969982
-1.1343347
-1.2280143
-1.2493509
-1.2241472
-1.2045843
-1.257263
-1.2285594
-0.77137731
-0.7830955
-0.79651935
-0.81483776
-0.82967019
-0.86108594
-0.87579193
-0.89479892
-0.90940412
-0.92486096
-1.030119
-1.02532
-1.000798
-0.9448666
-0.95651924
-0.96894073
-1.0603897
-1.0753878
-1.1006962
-1.0858856
-1.144518
-1.1398632
-1.1489436
-1.1847048
-1.1708589
-1.1959148
-1.2373231
-1.1969944
-1.2179097
-1.2240949
-1.227315
-1.2326547
-1.2449369
-1.2055943
-1.2793524
-1.2657523
-1.2234384
-1.2431757
-1.3261274
-1.2437671
-1.2620995
-1.2513152
-1.2798227
-1.2650644
-1.2575942
-1.2581748
-0.77653355
-0.78957118
-0.80583406
-0.82209233
-0.83557869
-0.86098884
-0.87702412
-0.85293362
-0.88400289
-0.90383781
-0.9305022
-1.0411627
-1.0317402
-1.0149389
-0.93858591
-0.96500351
-0.98814808
-1.0518365
-1.0682742
-1.1153082
-1.0987137
-1.1185306
-1.1383164
-1.1590887
-1.1697096
-1.1908072
-1.1797438
-1.1967647
-1.2330213
-1.2044338
-1.2138993
-1.2091875
-1.2359239
-1.2332167
-1.2257131
-1.2621678
-1.2343816
-1.2442204
-1.2548935
-1.2121255
-1.2452554
-1.2438651
-1.2347664
-1.2506044
-1.2486724
-1.2560893
-0.77841693
-0.7917991
-0.80775385
-0.82764293
-0.85170867
-0.85368798
-0.88097588
-0.89672057
-0.91042892
-0.92360442
-1.0313885
-1.0056632
-0.98780549
-1.0216429
-0.94453918
-0.95705953
-0.97643345
-1.0072134
-1.0662642
-1.0808136
-1.1005892
-1.0884508
-1.1585894
-1.12812
-1.1326372
-1.1608089
-1.1945378
-1.1667238
-1.2014641
-1.2449109
-1.2024084
-1.2253245
-1.2361407
-1.2279775
-1.236152
-1.2646338
-1.252943
-1.2295773
-1.2184562
-1.251395
-1.2779279
-1.2662889
-1.2523347
-1.2516661
-1.260709
-0.77362491
-0.78528652
-0.7994592
-0.81283316
-0.83919456
-0.83460272
-0.8420424
-0.87366449
-0.885429
-0.90283541
-0.93016176
-1.0481978
-1.0342536
-1.0092013
-1.0139729
-0.93577633
-0.9595866
-0.97360029
-0.98676303
-1.0630931
-1.0728936
-1.1220438
-1.1007686
-1.1550482
-1.1262206
-1.1043874
-1.1712854
-1.1909842
-1.192956
-1.1913656
-1.2508919
-1.2137741
-1.2306781
-1.2332987
-1.2577842
-1.2185798
-1.2002319
-1.283667
-1.2686723
-1.2624011
-1.2553282
-1.2679447
-1.2417722
-1.2389896
-1.2561053
-1.2498366
-0.77204295
-0.78591343
-0.79991998
-0.81484738
-0.83069234
-0.85481142
-0.86262892
-0.87862551
-0.8916637
-0.90925597
-0.92746432
-1.0346125
-1.0321936
-1.0121369
-1.0092498
-0.93758659
-0.95137399
-0.96687031
-0.97887351
-1.0701321
-1.0836065
-1.1108491
-1.1399339
-1.0918127
-1.1622579
-1.1455104
-1.1410215
-1.1628419
-1.1666697
-1.1835516
-1.2103726
-1.2090115
-1.2416519
-1.2001162
-1.2200353
-1.2241405
-1.22411
-1.2551926
-1.2501097
-1.2457429
-1.2591359
-1.2549306
-1.2455135
-1.2560566
-1.2358282
-1.2387649
-1.2585307
-0.77794663
-0.76071013
-0.79315609
-0.80877244
-0.8317362
-0.81672992
-0.83909676
-0.85112518
-0.87277841
-0.88238701
-0.89548498
-0.93132593
-1.0590524
-1.0399907
-1.0090129
-1.0183617
-0.91942362
-0.95420021
-0.9734815
-0.9933418
-1.0485594
-1.0722666
-1.1103239
-1.1187777
-1.100389
-1.1553383
-1.1412288
-1.1364416
-1.1748122
-1.2038924
-1.181543
-1.1848715
-1.2026794
-1.2171356
-1.2237255
-1.1983797
-1.219418
-1.2236168
-1.2395799
-1.2728294
-1.2549489
-1.2598673
-1.2590096
-1.2553677
-1.2489706
-1.2582894
-0.78288728
-0.77548468
-0.79355414
-0.80398506
-0.81754528
-0.83451109
-0.84594892
-0.87141082
-0.87310719
-0.88726865
-0.90700439
-0.91170945
-1.0466903
-1.0696578
-1.0298317
-0.98933588
-1.0120392
-0.94580826
-0.9385231
-0.9586362
-0.99184998
-1.0070823
-1.0737187
-1.0871544
-1.1052252
-1.1145232
-1.0924955
-1.1642089
-1.1480848
-1.1426395
-1.1682605
-1.1978243
-1.1786944
-1.1828841
-1.2139737
-1.2615838
-1.2433473
-1.2215517
-1.2378622
-1.2370722
-1.2326369
-1.2416474
-1.2402345
-1.2471125
-1.2427705
-1.2467193
-0.78015983
-0.78878393
-0.79960995
-0.81160088
-0.8243678
-0.84224877
-0.86103936
-0.87230202
-0.87966009
-0.89582164
-0.91390522
-0.92839644
-1.0481514
-1.0537292
-1.0350516
-1.0108406
-1.0233755
-0.95882072
-0.95829142
-0.97084199
-0.98929497
-0.98854707
-1.0698225
-1.0787337
-1.11304
-1.124031
-1.1022954
-1.159829
-1.1430428
-1.1323895
-1.1731803
-1.2039042
-1.1842886
-1.1904534
-1.212803
-1.2502109
-1.2138896
-1.2145187
-1.2262137
-1.226688
-1.2316225
-1.2417641
-1.2439794
-1.2499321
-0.77633088
-0.78873977
-0.79844163
-0.809951
-0.82278938
-0.83650113
-0.84828081
-0.84841082
-0.85239779
-0.86721617
-0.88025176
-0.896159
-0.9113334
-0.92271107
-1.0417712
-1.0484686
-1.0290624
-0.99975095
-1.0192063
-0.94066107
-0.94972582
-0.96380225
-0.97607344
-0.97897949
-0.97468265
-1.0745388
-1.0866849
-1.1011685
-1.1260467
-1.0990685
-1.1663681
-1.1487913
-1.1386968
-1.1694797
-1.1954024
-1.1818718
-1.1866018
-1.2082338
-1.2178256
-1.2024403
-0.76677161
-0.78456978
-0.79439236
-0.80436044
-0.81547522
-0.83158652
-0.84380259
-0.86172594
-0.8549666
-0.86964158
-0.87961017
-0.88663653
-0.90296367
-0.92167788
-0.93282875
-1.0474976
-1.0562593
-1.0330114
-1.0137119
-1.0213388
-0.9507974
-0.96466579
-0.97573625
-0.99937585
-0.98964892
-1.0608488
-1.0795305
-1.1167603
-1.1261024
-1.1021979
-1.169053
-1.12323
-1.1288109
-1.1733181
-1.2084012
-1.1876751
-1.1947411
-1.1595175
-0.77706426
-0.78016738
-0.78594382
-0.79520612
-0.80336037
-0.81617199
-0.8277306
-0.84177022
-0.86917431
-0.85324909
-0.87122615
-0.8819462
-0.89173737
-0.90506608
-0.92165354
-0.93401544
-1.0435599
-1.0508093
-1.0207288
-1.0072049
-1.0233985
-1.0048375
-0.9430373
-0.95679241
-0.97013526
-0.98231787
-0.98831326
-1.0744541
-1.0893169
-1.1052463
-1.1315861
-1.1026511
-1.0801782
-1.1671253
-1.1386707
-1.1454284
-1.1603339
-1.2076226
-1.2540034
-1.1458723
-1.1817642
-0.76752524
-0.77261098
-0.78569635
-0.77853686
-0.78956967
-0.80203477
-0.80854722
-0.82525996
-0.82049037
-0.83551653
-0.84815318
-0.86611295
-0.86028361
-0.87860771
-0.8854736
-0.89985368
-0.91194092
-0.9323173
-1.0474509
-1.0586484
-1.0394948
-1.0029301
-1.0102434
-1.0264224
-0.94363991
-0.95879657
-0.97280041
-0.98628135
-1.0000397
-1.0678078
-1.0903356
-1.0708738
-1.0999735
-1.1111949
-1.1173603
-1.1322797
-1.1027292
-1.1429834
-1.1558437
-1.1801107
-1.1376631
-1.1846065
-1.2222978
-0.7699367
-0.77684675
-0.78642864
-0.79088393
-0.79765882
-0.80644559
-0.81539558
-0.82772333
-0.83720695
-0.84816259
-0.8724719
-0.85985837
-0.87538331
-0.89594039
-0.89909365
-0.91470107
-0.93012309
-1.0330365
-1.0506777
-1.0315658
-1.0480931
-1.0079957
-1.0208093
-0.93666122
-0.9489939
-0.96791214
-0.9814475
-0.99951405
-0.99642218
-1.067304
-1.0739009
-1.087577
-1.0896749
-1.1010692
-1.1178557
-1.1285475
-1.0978142
-1.178771
-1.1753145
-1.1401944
-1.1568791
-1.1376222
-1.176528
-0.77242532
-0.77182965
-0.78482129
-0.7866115
-0.7950458
-0.81081651
-0.81245182
-0.82184663
-0.83367613
-0.84221636
-0.85402164
-0.87229114
-0.86782096
-0.88196892
-0.88936238
-0.886115
-0.9076584
-0.92596457
-0.91856832
-1.0506015
-1.0591956
-1.0304519
-1.0355307
-1.0096445
-1.0213113
-0.94133294
-0.95277528
-0.96732708
-0.97916964
-0.98506654
-0.98965717
-1.006489
-1.0631703
-1.0703111
-1.0829894
-1.0872195
-1.1145412
-1.1171187
-1.1295412
-1.1037801
-1.1598209
-1.1669635
-1.1378662
-1.1601924
-1.1319064
-0.76720989
-0.77639579
-0.78206788
-0.7914391
-0.79850027
-0.8054264
-0.81304249
-0.82202471
-0.83342359
-0.84183352
-0.85252192
-0.87850469
-0.86905288
-0.88237444
-0.89847785
-0.89032602
-0.90844838
-0.91803522
-0.93085386
-1.0419955
-1.0570245
-1.025361
-1.0320932
-1.01708
-0.9357831
-0.94796957
-0.96208971
-0.95899486
-0.97066108
-0.98619993
-1.004048
-0.99682518
-1.0105492
-1.0669172
-1.0745147
-1.0857462
-1.0924012
-1.1085377
-1.1266745
-1.1032671
-1.121939
-1.0991289
-1.1530776
-1.1437617
-1.1522135
-1.1378503
-0.76387476
-0.77856197
-0.78051691
-0.79493568
-0.80523086
-0.80864043
-0.81853049
-0.82786416
-0.82720787
-0.83783528
-0.84828289
-0.85893538
-0.84755566
-0.87848961
-0.86207245
-0.87380164
-0.8887328
-0.90474759
-0.8908544
-0.91359719
-0.92444532
-1.0513359
-1.0577321
-1.0291525
-1.0375156
-1.0204873
-0.93666223
-0.94727287
-0.95678328
-0.96821743
-0.97567487
-0.98747375
-1.0124314
-0.99508455
-1.0017472
-1.0141888
-1.0598176
-1.0698413
-1.081259
-1.0883085
-1.1059523
-1.1121035
-1.1250095
-1.1326499
-1.1003846
-1.1379463
-1.1306307
-0.76946369
-0.77398711
-0.78705107
-0.79330667
-0.79918741
-0.81069886
-0.81805606
-0.82421173
-0.83096935
-0.83778307
-0.84402301
-0.86080837
-0.85393814
-0.84941913
-0.88224606
-0.86714084
-0.87790142
-0.88611683
-0.90474863
-0.89726063
-0.91441743
-0.92518302
-1.0458511
-1.0601262
-1.0454156
-1.024087
-1.0331848
-0.92909073
-0.94355098
-0.95363614
-0.9647535
-0.96152052
-0.97331235
-0.98643623
-0.98131904
-0.99261458
-1.003428
-1.0003121
-1.0143045
-1.0214686
-1.0689678
-1.0755694
-1.0849571
-1.0916156
-1.1037638
-1.1120376
-1.1190722
-1.1232207
-1.0960024
-0.76645229
-0.77782281
-0.78155397
-0.78853944
-0.7972743
-0.80352071
-0.80663896
-0.8144516
-0.82151921
-0.82863425
-0.83423059
-0.84123877
-0.84746334
-0.86021338
-0.85381176
-0.88497061
-0.86428842
-0.870128
-0.87332881
-0.88087997
-0.89355038
-0.90955958
-0.89831556
-0.92030815
-1.0439992
-1.0500611
-1.061849
-1.0283967
-1.0353853
-0.92871152
-0.94535823
-0.95248917
-0.95968348
-0.96778859
-0.97363136
-0.97821524
-1.0087266
-1.0146491
-1.0227899
-1.0595652
-1.0687987
-1.0792988
-1.0875987
-0.76484087
-0.76999122
-0.77326504
-0.77942125
-0.78508427
-0.79127866
-0.79592034
-0.80050813
-0.80883666
-0.81557677
-0.82177075
-0.82863687
-0.83470047
-0.84101403
-0.84741426
-0.85649599
-0.85128951
-0.88920691
-0.86701353
-0.87158819
-0.87646015
-0.88296153
-0.8964983
-0.91176715
-0.90239953
-0.92148139
-1.0407341
-1.048816
-1.0565149
-1.03093
-0.9268893
-0.93717952
-0.93640157
-0.94862041
-0.95765864
-0.96445237
-0.96879262
-0.76680005
-0.77537243
-0.77988557
-0.78419764
-0.78774221
-0.79881627
-0.80288801
-0.80571465
-0.81194093
-0.8189372
-0.82553698
-0.83163572
-0.83787814
-0.84404746
-0.8553833
-0.85094397
-0.89123098
-0.88916003
-0.86514832
-0.86878181
-0.8743186
-0.87907821
-0.88537107
-0.89787818
-0.91729157
-0.90647098
-0.92542046
-0.92968595
-0.94081931
-0.76444669
-0.77055316
-0.77245811
-0.77713541
-0.78483662
-0.79257872
-0.79549046
-0.80002156
-0.80742274
-0.81308399
-0.81891171
-0.82749067
-0.83225262
-0.83828113
-0.84396771
-0.85537893
-0.8558532
-0.84678552
-0.89522001
-0.89222285
-0.90120469
-0.91911298
-0.90781335
-0.92162777
-0.76248476
-0.76792185
-0.77401357
-0.77871094
-0.78210512
-0.78619965
-0.790719
-0.7976217
-0.80204522
-0.80529308
-0.80957009
-0.81539455
-0.82050092
-0.82452438
-0.83071318
-0.83510546
-0.84100015
-0.8561612
-0.84649627
-0.89707841
-0.90365305
-0.9128986
-0.91194047
-0.76393952
-0.76461658
-0.76875198
-0.77094155
-0.77605637
-0.78226572
-0.78992486
-0.79216702
-0.79495837
-0.79965805
-0.8052217
-0.81274903
-0.8170749
-0.82146053
-0.82375326
-0.8295647
-0.83664269
-0.84168336
-0.84489005
-0.84215097
-0.76143284
-0.76598309
-0.76794443
-0.77276686
-0.77715958
-0.77937753
-0.78364634
-0.78751303
-0.79134781
-0.79709263
-0.8006641
-0.80263286
-0.80596676
-0.81143303
-0.81463822
-0.818904
-0.82305829
-0.8250202
-0.82979571
-0.83393596
-0.8380791
-0.75962877
-0.76303962
-0.76549962
-0.76999752
-0.77125455
-0.77454077
-0.77988694
-0.78289996
-0.78958736
-0.7931795
-0.79554958
-0.79876573
-0.8047336
-0.80910101
-0.81047168
-0.81517838
-0.81968052
-0.82423466
-0.8279309
-0.83034536
-0.76056873
-0.76551464
-0.76722926
-0.77228294
-0.7754731
-0.77722322
-0.7816169
-0.7832001
-0.78959092
-0.79164147
-0.79646136
-0.80063839
-0.80270273
-0.80608997
-0.80973125
-0.81305062
-0.8168598
-0.82052751
-0.82555371
-0.75914543
-0.76110061
-0.76159246
-0.7645383
-0.76899303
-0.77357642
-0.77031809
-0.77768524
-0.78092728
-0.78882808
-0.78816368
-0.79247411
-0.79469045
-0.80075093
-0.75753226
-0.75963601
-0.76489828
-0.76404814
-0.76871013
-0.77413442
-0.77084296
-0.77525487
-0.77869713
-0.78053091
-0.7885124
-0.78828871
-0.79144712
-0.79699638
-0.75858462
-0.76132563
-0.76353468
-0.7668207
-0.76820328
-0.77217076
-0.76987579
-0.77548759
-0.77899499
-0.78573008
-0.78505174
-0.78756791
-0.78997428
-0.80060406
-0.75718968
-0.75902073
-0.76267766
-0.767937
-0.76736336
-0.77247276
-0.7700971
-0.77407997
-0.77269446
-0.77471089
-0.78879484
-0.78507797
-0.78650533
-0.78922399
-0.7865644
-0.75575226
-0.75853234
-0.76163143
-0.76206968
-0.76183342
-0.76538038
-0.76776971
-0.77143847
-0.76981967
-0.7583306
-0.76230877
-0.76259862
-0.76554379
-0.76567571
-0.76825004
-0.75589177
-0.75671084
-0.75543066
-0.75966171
-0.760985
-0.76421412
-0.76602686
-0.75542381
-0.75555378
-0.75988127
-0.75999669
-0.76178308
-0.76452922
-0.76516829
-0.754613
-0.75744391
-0.75871507
-0.76059261
-0.76152016
-0.76318567
-0.75315564
-0.75593863
-0.75930344
-0.75929583
-0.75193127
-0.75467269
-0.75664034
-0.75778837
-0.75189124
-0.75426648
-0.75565927
-0.75335335
-0.75446138
-0.7529568
-0.75400175
-0.75266631
-0.75215484
-0.75402504
-0.75241799
-0.75013088
-0.75047363
)
;

boundaryField
{
    inlet
    {
        type            zeroGradient;
    }
    outlet
    {
        type            fixedValue;
        value           nonuniform List<scalar> 0();
    }
    top
    {
        type            zeroGradient;
    }
    bottom
    {
        type            zeroGradient;
    }
    cylinder
    {
        type            zeroGradient;
    }
    frontAndBack
    {
        type            empty;
    }
    procBoundary0to1
    {
        type            processor;
        value           nonuniform List<scalar> 
96
(
0.3290582
0.35036349
0.35036349
0.32175121
0.30400046
0.27565394
0.25340609
0.21576086
0.19256318
0.14332229
0.11750329
0.061000578
0.032424499
-0.017149388
-0.069359595
-0.10060219
0.061084722
-0.15581487
-0.15581487
0.08868849
0.04652254
0.08868849
-0.19370654
0.009142057
-0.20228583
-0.03265162
-0.22174305
-0.063658744
-0.26098958
-0.12384844
-0.24250118
-0.15983353
-0.22762802
-0.25864785
-0.31069334
-0.358016
-0.26306527
-0.4433638
-0.4433638
-0.26077775
-0.51697003
-0.56043737
-0.26676421
-0.64273878
-0.26495537
-0.69541067
-0.71422739
-0.26626548
-0.75383151
-0.75442723
-0.26739651
-0.76809866
-0.26751782
-0.76508837
-0.26821651
-0.76550636
-0.26943795
-0.77474213
-0.26821329
-0.26760508
-0.76421487
-0.26760508
-0.76783019
-0.26567449
-0.76615917
-0.26668333
-0.76502798
-0.76451593
-0.26595813
-0.76121436
-0.26492327
-0.76172118
-0.76172118
-0.26403961
-0.76025084
-0.2640042
-0.75796291
-0.26245465
-0.75776912
-0.75776912
-0.75584068
-0.26197709
-0.75486923
-0.26206144
-0.75427946
-0.26106897
-0.26018322
-0.75427946
-0.26039002
-0.75430342
-0.25969022
-0.75497939
-0.75176214
-0.74923513
-0.74583728
-0.75084917
)
;
    }
}


// ************************************************************************* //
