/*--------------------------------*- C++ -*----------------------------------*\
| =========                 |                                                 |
| \\      /  F ield         | OpenFOAM: The Open Source CFD Toolbox           |
|  \\    /   O peration     | Version:  2112                                  |
|   \\  /    A nd           | Website:  www.openfoam.com                      |
|    \\/     M anipulation  |                                                 |
\*---------------------------------------------------------------------------*/
FoamFile
{
    version     2.0;
    format      ascii;
    arch        "LSB;label=32;scalar=64";
    class       volScalarField;
    location    "0";
    object      p;
}
// * * * * * * * * * * * * * * * * * * * * * * * * * * * * * * * * * * * * * //

dimensions      [0 2 -2 0 0 0 0];

internalField   nonuniform List<scalar> 
8100
(
0.35145997
0.37098306
0.3650322
0.38729642
0.34139337
0.3800947
0.39199262
0.40561973
0.331964
0.36870824
0.40107295
0.36818265
0.40332207
0.42108548
0.30948268
0.34261719
0.37893587
0.41411473
0.42605587
0.43762726
0.30883259
0.32866802
0.36760161
0.40368142
0.43296095
0.43694583
0.45200406
0.30591003
0.33687639
0.30335835
0.37372529
0.4188524
0.44658779
0.45734606
0.46603826
0.27471711
0.32054346
0.29955835
0.34329425
0.37739974
0.40551475
0.43936781
0.46288891
0.46658424
0.47827579
0.25783761
0.27601145
0.32144811
0.29803879
0.2970894
0.34980029
0.37617652
0.41866629
0.45165839
0.47381691
0.48365362
0.48925127
0.2389237
0.2532674
0.30580822
0.28778061
0.26642993
0.32751399
0.37967822
0.41164575
0.44193424
0.4684345
0.48684423
0.49077463
0.49880357
0.23736911
0.24937432
0.30671825
0.28510575
0.26806497
0.32989096
0.38502654
0.3510656
0.42091144
0.45907553
0.47966519
0.49523077
0.50396481
0.50664221
0.21591975
0.22861631
0.28395426
0.26416152
0.24566188
0.3095727
0.3786993
0.36021797
0.43345723
0.40506157
0.45631303
0.47575279
0.49245033
0.50498408
0.50887347
0.51363796
0.19593403
0.21128032
0.22532308
0.25791683
0.28643381
0.24101469
0.31606458
0.38456351
0.34107799
0.43646139
0.41889078
0.46806069
0.48718873
0.50087644
0.51101048
0.51825156
0.51891501
0.17148264
0.18644066
0.2014584
0.23512731
0.25861845
0.21597496
0.29301937
0.37241543
0.34881449
0.44799865
0.40698395
0.48517712
0.46679056
0.49914803
0.50988929
0.51792177
0.52124504
0.52363183
0.16596837
0.18066529
0.194505
0.20904794
0.2283086
0.22801742
0.26276785
0.2993436
0.38325777
0.32829472
0.44385583
0.42112964
0.49735078
0.48132772
0.50875318
0.51658959
0.52194603
0.52719883
0.52655721
0.1394622
0.15324411
0.16607129
0.17812091
0.1877491
0.21000787
0.23529605
0.27334062
0.36761958
0.33854645
0.45955072
0.40919992
0.50983286
0.49798575
0.48033104
0.51728248
0.52245141
0.52632715
0.52868707
0.52957815
0.1183661
0.13226588
0.14506542
0.15800914
0.16759284
0.18328351
0.20477116
0.23903042
0.28175478
0.38149181
0.31624044
0.45299257
0.42637904
0.52292293
0.51452838
0.49796024
0.52680088
0.52844644
0.52923644
0.53205184
0.53108123
0.090664978
0.10376453
0.11568198
0.12767571
0.13688775
0.1504082
0.17070006
0.20485617
0.25156692
0.36359363
0.32897296
0.47449329
0.41403028
0.52777719
0.53174429
0.51674943
0.4965537
0.53157682
0.53143783
0.53167479
0.53255407
0.53266466
0.082122522
0.094228037
0.10527175
0.1159938
0.12519923
0.13714389
0.16703571
0.21125133
0.26240401
0.38072315
0.30317622
0.46844975
0.43595372
0.54747768
0.54645275
0.53830342
0.52188774
0.54141435
0.5373856
0.53429701
0.53339661
0.53266125
0.052391222
0.063476506
0.073399576
0.082462699
0.091315321
0.10569501
0.119353
0.17284938
0.22779316
0.35995335
0.31927977
0.4941412
0.4215974
0.55481011
0.55551274
0.55016373
0.53958677
0.52374856
0.5428448
0.53791908
0.53429283
0.53665173
0.53202409
0.031072534
0.041942998
0.052058366
0.060516782
0.068396928
0.07625154
0.089729409
0.077750542
0.12494622
0.18070102
0.24120581
0.38204148
0.28946662
0.48591621
0.45044922
0.57314614
0.57575838
0.56469881
0.57247092
0.55243467
0.55312589
0.54452088
0.53775125
0.53723711
0.53439211
0.0022111819
0.011150318
0.019759339
0.026803792
0.032653413
0.036957847
0.041063561
0.05755317
0.07961747
0.13803865
0.20124177
0.35854947
0.30982777
0.52034952
0.43560106
0.59305815
0.57816918
0.59588433
0.56485673
0.58999545
0.54919211
0.57902587
0.55185476
0.54263084
0.53525218
0.53021613
0.52764873
-0.020492987
-0.010225908
-0.001416906
0.0062428203
0.011838761
0.017346693
0.020113084
0.030486641
0.025484689
0.029524301
0.085923944
0.14690839
0.21659217
0.38752386
0.27424611
0.51366689
0.46981448
0.62300047
0.59751524
0.62100766
0.580615
0.61958962
0.59191847
0.60418308
0.56264427
0.55089626
0.54260137
0.5205216
0.5265789
0.53252728
-0.043879733
-0.038701347
-0.032665758
-0.026934968
-0.023063703
-0.020035093
-0.019379249
-0.015815413
-0.016916259
-0.013082317
0.039013218
0.097271777
0.1649288
0.36091223
0.3022714
0.56614067
0.45365882
0.65124189
0.59644711
0.61847381
0.64938947
0.57799531
0.64769273
0.59795407
0.6391859
0.56010036
0.54921256
0.53813301
0.52740864
0.52620769
0.53108261
-0.059760085
-0.053509148
-0.047530446
-0.042887987
-0.04076743
-0.038692641
-0.036909206
-0.047800029
-0.013131338
-0.062260768
0.039497604
0.097135589
0.18885504
0.3967551
0.26016545
0.57497171
0.48334764
0.6849103
0.61459943
0.63974727
0.67627374
0.59654872
0.68374973
0.65042871
0.66719551
0.57279109
0.56013349
0.54540583
0.51737407
0.52998886
0.53942228
-0.09097395
-0.083291635
-0.077914806
-0.075800431
-0.077357937
-0.077995361
-0.073863247
-0.064693366
-0.087346186
-0.059726997
-0.094807236
-0.014047204
0.04514821
0.14271884
0.3634924
0.30005272
0.52286306
0.60138522
0.46026911
0.71919413
0.63390352
0.61304867
0.66923041
0.71241953
0.59190429
0.71971573
0.68058201
0.71276395
0.56792709
0.55310005
0.54452355
-0.11221038
-0.10684379
-0.099988473
-0.0955985
-0.096790284
-0.10059854
-0.096814185
-0.12227263
-0.13080492
-0.10564176
-0.066769855
-0.13287041
-0.021660627
0.040504426
0.064934781
0.15995335
0.4114432
0.26693789
0.54042987
0.6550384
0.59526853
0.50776768
0.76282829
0.65292612
0.63743696
0.6922613
0.74268154
0.60741725
0.76581388
0.73776024
0.75019575
0.58087935
0.57101466
0.56009679
-0.13336385
-0.13235958
-0.12864427
-0.12584064
-0.12950604
-0.13155073
-0.13806732
-0.14770215
-0.1582529
-0.15598402
-0.12202748
-0.17590379
-0.095051926
-0.03926758
0.037047569
0.19500842
0.10012753
0.40272021
0.29959793
0.69500519
0.60811061
0.50280453
0.81027178
0.68100353
0.64719878
0.72897229
0.7924366
0.63735396
0.59855606
0.80876658
0.77805357
0.79960407
0.57071089
-0.15235379
-0.1530738
-0.14860573
-0.14471193
-0.14548348
-0.1507633
-0.15386871
-0.16498822
-0.18769898
-0.18872106
-0.20055579
-0.16808633
-0.15215696
-0.205909
-0.09807064
-0.02250449
0.049292204
0.17937686
0.12285257
0.35108284
0.45628133
0.25772771
0.75855476
0.67296784
0.56095683
0.85626815
0.69707973
0.68120043
0.75071103
0.81932323
0.65385475
0.61456189
0.86364298
0.83169499
0.8397321
0.5871116
-0.16565735
-0.17331919
-0.1699142
-0.17096088
-0.17515508
-0.1847827
-0.19411614
-0.1919567
-0.21730641
-0.20932415
-0.20988757
-0.2402364
-0.21679642
-0.1962076
-0.24294808
-0.16761635
-0.076624364
0.0090074627
0.20634104
0.066098027
0.35837977
0.43801005
0.30136876
0.81034269
0.68955668
0.56418314
0.89681338
0.73330491
0.69860876
0.79510777
0.86988618
0.64425196
0.68530048
0.60696078
0.90320117
0.8811462
0.8838123
-0.17879911
-0.19316041
-0.188789
-0.18943175
-0.19120266
-0.19828362
-0.2061621
-0.21382
-0.24592015
-0.25004595
-0.24193988
-0.26454272
-0.26914064
-0.26291418
-0.23069918
-0.21575953
-0.26500891
-0.22607754
-0.14740098
-0.054478519
0.0028258684
0.1741371
0.10141749
0.38315806
0.50670324
0.27657021
0.87210914
0.79030849
0.72919904
0.62801504
0.97214653
0.90321516
0.75157779
0.73445156
0.8125535
0.88198409
0.66566554
0.7061629
0.63115042
0.94446799
0.9344398
0.93479514
-0.16820096
-0.18861797
-0.20114966
-0.20432744
-0.2086821
-0.21347638
-0.22330401
-0.23576646
-0.24058443
-0.26844639
-0.26467165
-0.26127248
-0.31626523
-0.30738103
-0.29904526
-0.28430692
-0.23332034
-0.28635333
-0.29969204
-0.25420011
-0.20049063
-0.10080643
-0.039738342
0.22346966
0.057963991
0.36047918
0.51204972
0.92693261
0.85491431
0.72447958
0.64655141
0.99049181
0.99365174
0.95621987
0.79045772
0.75315454
0.85450582
0.9299633
0.65762277
0.69590185
0.73912654
0.97484077
0.98611832
-0.20847429
-0.21984736
-0.20800973
-0.22864457
-0.22965214
-0.23642894
-0.24713789
-0.2605825
-0.29565506
-0.29236397
-0.28854422
-0.33770681
-0.33148336
-0.32999702
-0.32273975
-0.31615689
-0.30042001
-0.32772409
-0.31737184
-0.29498775
-0.30619526
-0.27998103
-0.17211499
-0.086282392
0.20177162
-0.035974027
0.11054411
0.36234701
0.60068595
0.43867912
0.98517664
0.91784761
0.84357376
0.77257128
1.0454726
1.0493366
0.96387025
0.80657798
0.78812016
0.86616744
0.93551363
0.68264655
0.71841875
0.75881267
1.0212237
1.0341874
-0.22321397
-0.22862816
-0.24347766
-0.24018782
-0.24595749
-0.25712384
-0.27206455
-0.2817654
-0.31298178
-0.31293127
-0.30114461
-0.36997456
-0.36665464
-0.36660318
-0.3554883
-0.35941702
-0.33957104
-0.37423892
-0.34634547
-0.35203199
-0.35148781
-0.33030585
-0.21853315
-0.17818122
0.2101144
-0.059743696
0.085709937
0.28983587
0.60708447
0.45121781
1.0440844
0.97712747
0.9001039
0.74656922
1.0535877
1.0927937
1.0961761
1.0515019
1.0107217
0.84271036
0.80465242
0.90574279
0.97588676
0.71139173
0.7487141
0.78956464
1.0936084
-0.24141054
-0.22569849
-0.25503095
-0.24359101
-0.25497941
-0.26764463
-0.27964914
-0.29562219
-0.29275193
-0.33912258
-0.3356248
-0.32788836
-0.38980874
-0.39106665
-0.39143619
-0.37775791
-0.36857253
-0.38271971
-0.41461759
-0.36061452
-0.38663615
-0.39144529
-0.40546837
-0.31218616
-0.22422105
0.16195143
-0.13965139
0.0049013459
0.30083988
0.52718971
0.66912469
0.37718741
1.1030824
1.0399236
0.96790571
0.88198023
0.8089657
1.1224228
1.145778
1.1543024
1.0996885
1.0115933
0.85297714
0.83378996
0.90985586
0.97455333
0.73698841
0.77062111
0.81205477
1.1423701
-0.24232995
-0.24994259
-0.24402858
-0.26388866
-0.27196776
-0.28181741
-0.2948999
-0.30235426
-0.31935118
-0.35135576
-0.34515214
-0.33509138
-0.34931829
-0.4235492
-0.4192671
-0.42943077
-0.40846622
-0.39634618
-0.42733973
-0.45107614
-0.38714056
-0.43413472
-0.41176525
-0.42808862
-0.44185077
-0.36008712
-0.33416036
-0.21438928
0.15030668
-0.16746912
-0.01107949
0.22602983
0.52915575
0.67286897
0.3780321
1.146927
1.0947226
1.02372
0.93807246
0.78625096
1.1925075
1.2070818
1.1461104
1.0933365
1.0521746
0.88587656
0.84277867
0.94333387
1.0087962
0.76436105
0.80014659
0.83338991
1.2104119
-0.22889811
-0.25578557
-0.25586376
-0.2697046
-0.2698141
-0.29671353
-0.3032535
-0.31007799
-0.33711935
-0.37676445
-0.36963287
-0.34753365
-0.35820341
-0.44768798
-0.44245741
-0.43339488
-0.45419105
-0.42026456
-0.40814799
-0.46272934
-0.48916962
-0.39412669
-0.4654782
-0.46967326
-0.47010881
-0.50467641
-0.45684051
-0.44371032
-0.37797931
-0.28473044
0.061927504
-0.1124429
-0.25755216
0.21676577
0.59471915
0.45432921
0.71167031
0.29573926
1.1812785
1.1473901
1.0877491
1.0084065
0.91470603
0.83650433
1.2128953
1.2342459
1.245682
1.1863657
1.1305279
1.0461833
0.89118963
0.871782
0.94104899
0.99868172
0.78637746
0.81550521
0.84881587
1.2363913
-0.25764515
-0.26892994
-0.27137352
-0.27295854
-0.29319763
-0.30018507
-0.31434109
-0.3245064
-0.34635158
-0.38559774
-0.38637906
-0.3606991
-0.36527135
-0.47925971
-0.47018937
-0.46210893
-0.48499959
-0.44734491
-0.43324547
-0.49976396
-0.51036289
-0.51383767
-0.41678464
-0.51038161
-0.50110344
-0.50518778
-0.52729338
-0.52929166
-0.47518411
-0.46417755
-0.36662199
0.049614166
-0.12120529
-0.30431657
0.12149807
0.60778246
0.45684475
0.69055564
0.28936518
1.2530331
1.2095169
1.1446731
1.0669468
0.96973736
0.80382377
1.2875304
1.2972803
1.2351617
1.2926589
1.1748717
1.1251599
1.0833286
0.91657846
0.87148767
0.96749757
1.0242767
0.80844046
0.83753506
0.85258765
1.2609137
-0.25290916
-0.27354047
-0.27359519
-0.27478672
-0.28636558
-0.31007754
-0.29101349
-0.30922276
-0.32591819
-0.3622663
-0.40341271
-0.39528993
-0.36757149
-0.37996334
-0.49655591
-0.49987269
-0.48576749
-0.4713153
-0.46212047
-0.42789216
-0.53048823
-0.53361605
-0.53708892
-0.42027953
-0.54044851
-0.55739224
-0.54832853
-0.57637436
-0.55142659
-0.55936402
-0.49319831
-0.4046667
-0.0471282
-0.21078328
-0.30481892
-0.39222164
0.10864499
0.54221349
0.37248243
0.71760252
0.18637665
1.2596695
1.210695
1.1299399
1.048834
0.93916537
0.85112285
1.3188858
1.3317177
1.2723214
1.3270528
1.2067825
1.1481574
1.064079
0.91085254
0.88886677
0.95718624
1.0060893
0.82150478
0.83952746
0.87366118
1.2955515
-0.26030726
-0.27812169
-0.27793505
-0.28500772
-0.28681362
-0.29253281
-0.31583338
-0.32887683
-0.34755409
-0.36859324
-0.41072073
-0.40036352
-0.35345093
-0.39305242
-0.52358462
-0.52838593
-0.51172671
-0.49427961
-0.47959879
-0.46165996
-0.5614955
-0.55090633
-0.5543257
-0.44186
-0.57357955
-0.57958085
-0.56954029
-0.60454425
-0.613156
-0.57887196
-0.5492663
-0.49347785
-0.06037768
-0.20979141
-0.33393616
-0.44053432
0.0016681087
0.54837893
0.37183038
0.65037923
0.17830991
1.3159634
1.2532276
1.1826578
1.1059638
0.9936805
0.79649253
1.3546351
1.3194247
1.3676055
1.321242
1.2520967
1.3385221
1.3673194
1.1890546
1.1499055
1.0867938
0.931288
0.89468003
0.97444539
1.0221453
0.83327117
0.84979455
0.8670156
1.3376162
-0.26019077
-0.26199181
-0.25609696
-0.28290888
-0.29087719
-0.29251718
-0.31884219
-0.32237563
-0.34009806
-0.35255478
-0.35272866
-0.42639006
-0.41398656
-0.39917177
-0.40261087
-0.54490248
-0.54608708
-0.50598501
-0.49891192
-0.47763894
-0.46409026
-0.4701661
-0.59500274
-0.57909637
-0.57998827
-0.44344175
-0.61883984
-0.60771677
-0.58724587
-0.63929638
-0.6499637
-0.61049462
-0.59583507
-0.51424153
-0.13783342
-0.25506729
-0.37691835
-0.31056468
-0.43764485
-0.49524014
0.0018996376
0.47039938
0.25468841
0.69598943
0.078673499
1.3295311
1.294566
1.2319418
1.170258
1.0876001
0.95322434
0.86165401
1.3761261
1.3726208
1.3912037
1.4042923
1.3380038
1.2756737
1.3775554
1.4018248
1.2173466
1.128239
1.1854923
1.0588768
0.9098818
0.95273253
0.997009
0.83530342
0.84018622
0.87802655
1.3895168
-0.26333987
-0.28572424
-0.27697278
-0.29337177
-0.29691494
-0.29911882
-0.31888015
-0.33133449
-0.34882632
-0.36226678
-0.38589035
-0.42862826
-0.41286045
-0.41747664
-0.39354369
-0.56325557
-0.56772657
-0.54481854
-0.52609213
-0.50696974
-0.45537752
-0.49046079
-0.60510072
-0.61390615
-0.59766367
-0.59227069
-0.45168732
-0.6331716
-0.63540462
-0.63451208
-0.62364516
-0.66607981
-0.61144251
-0.64878038
-0.62657235
-0.63519967
-0.60040281
-0.54410842
-0.17117108
-0.24343899
-0.41560848
-0.34591434
-0.45783002
-0.51906017
-0.087760603
0.47284621
0.26709306
0.63446258
0.069589893
1.3899927
1.3291774
1.3007905
1.2405484
1.1231172
0.99585631
0.83742076
1.4260537
1.4139154
1.4127334
1.453585
1.3159731
1.3800332
1.2534031
1.401382
1.4370774
1.1323435
1.1982986
1.0686234
0.92018081
0.96276662
1.0053446
0.83383723
0.83985185
0.90366099
0.85670824
1.4124735
-0.2586619
-0.27265426
-0.28629975
-0.27540049
-0.29661186
-0.30200054
-0.31304082
-0.32730027
-0.33960068
-0.35393421
-0.37444645
-0.3802155
-0.44052969
-0.42999058
-0.39461876
-0.41785119
-0.56375288
-0.58033735
-0.55409263
-0.55014747
-0.52523717
-0.51239349
-0.46365495
-0.50280126
-0.6221188
-0.6188706
-0.61743522
-0.61140089
-0.45566114
-0.63885508
-0.65289037
-0.65436178
-0.64789041
-0.6769098
-0.66762421
-0.68180153
-0.6472404
-0.65039945
-0.63799529
-0.59179393
-0.56198283
-0.15681443
-0.27893316
-0.45814897
-0.3962177
-0.33283531
-0.49508123
-0.56706167
-0.07332488
0.52059856
0.35334668
0.16933045
0.67104647
-0.032025191
0.12562923
1.4131765
1.3804167
1.2987053
1.2363521
1.0610806
1.1746298
0.96367248
0.73574512
0.88021698
1.4553942
1.4476275
1.460834
1.4825635
1.3324559
1.3995284
1.2677582
1.4434835
1.4640978
1.1694957
1.1047244
1.2375709
1.0408939
0.93861187
0.9804966
0.81962577
0.81685573
0.90816733
0.85622158
1.4645132
-0.26218916
-0.27464513
-0.28899619
-0.28175728
-0.30012692
-0.31322332
-0.3170269
-0.33322268
-0.34875892
-0.36558107
-0.39373619
-0.40332395
-0.44039972
-0.42740053
-0.42714668
-0.59213476
-0.60046313
-0.57731224
-0.5382207
-0.5369195
-0.52428772
-0.47730142
-0.50076275
-0.63290784
-0.64870015
-0.62155997
-0.62991243
-0.46942695
-0.65262828
-0.68008533
-0.69842293
-0.65969012
-0.68077981
-0.70978409
-0.70061537
-0.69134676
-0.69221686
-0.69302563
-0.59764973
-0.62674346
-0.58862655
-0.20455622
-0.25385671
-0.47249944
-0.41569327
-0.35441036
-0.51407214
-0.56211861
-0.14083215
0.46384179
0.39202966
0.19884302
0.6063388
0.00086652264
0.016200079
1.4708027
1.3947363
1.3621419
1.3053631
1.131176
1.1901071
0.99152461
0.77947773
0.8443091
1.4964581
1.485838
1.4825488
1.5134418
1.3050919
1.3730695
1.4404282
1.4649863
1.5015698
1.1768673
1.1103559
1.2460208
1.0469704
0.94597524
0.98454168
0.80638883
0.80666778
0.8814014
0.82646655
1.490637
-0.2715702
-0.27992768
-0.29044937
-0.28615353
-0.31540524
-0.3178154
-0.32735089
-0.34004221
-0.35654161
-0.37952342
-0.41131252
-0.39976328
-0.45425877
-0.4382435
-0.42607007
-0.60746708
-0.59887542
-0.58711231
-0.54743803
-0.53739076
-0.52340503
-0.48118534
-0.51108415
-0.65129062
-0.6553315
-0.65560196
-0.6423107
-0.46598164
-0.68217303
-0.68796991
-0.69495804
-0.65805993
-0.70396629
-0.69381189
-0.70903051
-0.66796226
-0.71719021
-0.68432456
-0.68607014
-0.64144641
-0.66476819
-0.63695121
-0.19438218
-0.28161012
-0.43325768
-0.50123183
-0.41198767
-0.33131286
-0.53374389
-0.55209421
-0.11911639
0.50453244
0.30828886
0.1657014
0.65041424
-0.059615219
0.014467321
1.4939372
1.4546936
1.3663847
1.3064243
1.1122524
1.2421534
1.0438598
0.93713859
0.71670831
0.88221236
1.534253
1.5161949
1.526012
1.533815
1.5359974
1.3162414
1.3862335
1.4560423
1.5051646
1.5272963
1.144706
1.2131596
1.0803678
1.2832515
1.0188084
0.91390781
0.96930917
0.78048477
0.77469248
0.88290854
0.82113648
1.5419501
-0.27026707
-0.28030705
-0.29953741
-0.29155519
-0.32247921
-0.33439838
-0.33356888
-0.34530302
-0.3604468
-0.37537426
-0.38789145
-0.38338876
-0.41903101
-0.44980362
-0.4363439
-0.62001475
-0.63424743
-0.58718527
-0.5631914
-0.5514432
-0.5346252
-0.49007777
-0.51721644
-0.65490302
-0.63705313
-0.67363303
-0.64841894
-0.61961949
-0.47706489
-0.68598244
-0.67135589
-0.70423791
-0.69824595
-0.71369392
-0.68908956
-0.73318519
-0.68285536
-0.74277024
-0.70675877
-0.66409711
-0.69995803
-0.64085763
-0.64895974
-0.68317526
-0.63564638
-0.22286366
-0.26250018
-0.48204497
-0.52379587
-0.39688072
-0.33850743
-0.56136382
-0.59933302
-0.15421282
0.48166166
0.34381713
0.11906444
0.22475021
0.59497697
-0.081825237
0.013876061
1.5214518
1.4814232
1.408161
1.3618518
1.1640458
1.2341127
1.0424837
0.98652328
0.76160992
0.84318628
1.5645021
1.554771
1.5539562
1.5811875
1.5717752
1.3545243
1.4255211
1.4957428
1.5245151
1.5665392
1.1460868
1.2157855
1.0816575
1.2877498
1.0241067
0.91231873
0.98884359
0.94499838
0.76100907
0.75776455
0.8498874
0.79535302
1.5710026
-0.2595075
-0.27349619
-0.28302314
-0.30563607
-0.2919089
-0.30427875
-0.30765246
-0.34040161
-0.33707713
-0.35138801
-0.36855038
-0.38343162
-0.40817135
-0.41275694
-0.43198767
-0.46021
-0.44505486
-0.59133872
-0.62193967
-0.6519758
-0.60925017
-0.55286115
-0.54197962
-0.52527828
-0.48258694
-0.52183335
-0.68636134
-0.6803893
-0.66134932
-0.66523107
-0.65532323
-0.4691737
-0.70829164
-0.71406686
-0.71316832
-0.71056349
-0.69756237
-0.70487485
-0.72944993
-0.7259594
-0.71724465
-0.69600243
-0.71126658
-0.73215519
-0.67446407
-0.72393906
-0.64089278
-0.65500356
-0.68407625
-0.59821003
-0.20843268
-0.27631797
-0.47372513
-0.51185239
-0.55858853
-0.39891636
-0.34655723
-0.33150151
-0.56389629
-0.60535639
-0.13258014
0.3739932
0.52574526
0.26766218
0.059400951
0.16972272
0.61468939
0.014395411
-0.13030918
0.016562842
1.550572
1.5277392
1.4446576
1.5074843
1.4046146
1.3504007
1.1445547
1.2846467
1.085424
0.94744502
0.74537676
0.89369415
1.6002239
1.583863
1.596148
1.6036389
1.6057462
1.3608775
1.4339851
1.5069941
1.5643782
1.5905178
1.1105876
1.1790842
1.2506549
1.0492222
1.3238925
0.88682724
0.98235919
0.9313013
0.72235253
0.72411151
0.76894386
0.84186083
0.80269748
1.6127386
-0.27059066
-0.27134827
-0.27861014
-0.28751471
-0.30449137
-0.29966516
-0.31713111
-0.31214476
-0.32631922
-0.3246735
-0.34076524
-0.35715205
-0.37411626
-0.3918679
-0.42176337
-0.43029177
-0.43999464
-0.45468313
-0.61577529
-0.62437219
-0.63831752
-0.636717
-0.57832293
-0.58508739
-0.56145021
-0.54719414
-0.5093485
-0.4987556
-0.68577065
-0.68765763
-0.66581972
-0.66190288
-0.66248773
-0.48305202
-0.71209699
-0.69367892
-0.72053139
-0.73256527
-0.70296439
-0.73007654
-0.76189686
-0.73713278
-0.74470665
-0.72340473
-0.7293742
-0.6659941
-0.70577202
-0.7303018
-0.68480389
-0.70735886
-0.61264991
-0.64946661
-0.66746957
-0.68549678
-0.22861355
-0.26443016
-0.47731473
-0.50940747
-0.53693664
-0.41800739
-0.39578237
-0.30261325
-0.61136379
-0.62261889
-0.15846504
0.42867373
0.46866974
0.2628843
0.082808089
0.1511596
0.69419555
0.58197131
-0.084232014
-0.07508663
0.043634879
1.5805326
1.5758044
1.5104615
1.5232819
1.4625873
1.3950282
1.1883366
1.2717051
1.0666843
0.97962017
0.79233075
0.8628205
1.6302852
1.6212054
1.6211918
1.6398391
1.6400432
1.3977643
1.4715968
1.5452569
1.5800502
1.6300067
1.1055323
1.1753953
1.2483079
1.0422299
1.322927
0.89439425
0.85952778
1.004871
0.94957022
0.70653964
0.70219983
0.74186292
0.78387118
1.6387091
-0.26174824
-0.26681655
-0.27442405
-0.28327909
-0.29687811
-0.31189414
-0.29816877
-0.31379328
-0.33378219
-0.33300264
-0.34436638
-0.34458192
-0.35970581
-0.38933175
-0.40853332
-0.4327122
-0.43303145
-0.44824576
-0.4652617
-0.60701202
-0.63094395
-0.62956809
-0.63738006
-0.60614134
-0.60813602
-0.57429265
-0.55378762
-0.53700077
-0.49644657
-0.52401762
-0.53125959
-0.69719684
-0.69176858
-0.68207384
-0.67605338
-0.66717966
-0.47472114
-0.72775724
-0.7026663
-0.72670929
-0.7311919
-0.70258401
-0.73525281
-0.72785784
-0.7335171
-0.75739873
-0.74235855
-0.70641602
-0.72962148
-0.74309307
-0.6877668
-0.67185646
-0.63170936
-0.66188545
-0.67696593
-0.69725929
-0.22510798
-0.25677496
-0.50814578
-0.50245691
-0.53937221
-0.50412672
-0.38789056
-0.42253395
-0.41070315
-0.26549162
-0.30208439
-0.63240603
-0.63821846
-0.63169641
-0.20847894
0.42736941
0.50883167
0.2791018
0.38170032
0.097826452
0.30376173
0.13711301
0.65114503
0.64628252
-0.07539338
-0.07792931
-0.02351573
0.12848554
1.6111615
1.586659
1.5105313
1.5646702
1.4828363
1.4420497
1.3957323
1.1940583
1.2928745
1.0808488
1.0066336
0.76915676
0.90259455
1.6649601
1.6517534
1.6623327
1.666932
1.6743329
1.3982434
1.4736752
1.5494948
1.6188963
1.6522048
1.135517
1.0674473
1.2076246
1.2820232
1.3574881
0.87832928
0.83120938
0.99201135
0.93382822
0.67888045
0.67225197
0.7097991
0.75229054
0.79578767
1.6569635
-0.2673634
-0.27438025
-0.28126192
-0.28832818
-0.28828421
-0.3117579
-0.30252988
-0.32260076
-0.33451501
-0.3316117
-0.3482183
-0.35514124
-0.37339736
-0.38619404
-0.40467931
-0.41259388
-0.41284857
-0.43818471
-0.45699363
-0.60536174
-0.63696505
-0.64373832
-0.65387495
-0.58152998
-0.60765056
-0.57498631
-0.56238689
-0.54693273
-0.49843307
-0.50506517
-0.53168313
-0.70018945
-0.69284355
-0.68008393
-0.67554421
-0.66415504
-0.48159065
-0.73026015
-0.71715347
-0.74080121
-0.73710351
-0.71511332
-0.74609204
-0.74980098
-0.72779746
-0.76110914
-0.73946394
-0.7362768
-0.76443691
-0.73315612
-0.72346199
-0.70976608
-0.75588227
-0.72591699
-0.62510884
-0.6847879
-0.68282322
-0.69867113
-0.22330824
-0.2239017
-0.45180342
-0.48500731
-0.52488121
-0.60762606
-0.4961919
-0.39242652
-0.35372662
-0.37254669
-0.29717182
-0.56509729
-0.59473212
-0.63403187
-0.19411433
-0.096380857
0.43459896
0.52661301
0.2524055
0.32661454
0.11905148
0.19437914
0.14388571
0.70353542
0.60197542
-0.014897455
-0.14220514
0.016107162
0.037622874
1.6310118
1.6163192
1.5336674
1.5842739
1.5109144
1.478948
1.3389338
1.4330785
1.1454809
1.2279199
1.2710877
1.0754584
0.94905843
1.0473424
0.81796793
0.87975437
1.6938542
1.6875729
1.6920534
1.6970523
1.7053291
1.4332409
1.5089637
1.5854446
1.627446
1.6887059
1.1262002
1.0568956
1.1992894
1.2745803
1.3508153
0.89590308
0.84421865
1.0154489
0.9531843
0.66004197
0.64483619
0.68514862
0.72763319
0.77273149
1.6673276
1.6785758
-0.2638485
-0.27054465
-0.27803289
-0.28504165
-0.2936905
-0.29838434
-0.32082254
-0.30582005
-0.32637756
-0.34314828
-0.34157206
-0.34933123
-0.36220351
-0.38685202
-0.36693494
-0.39412663
-0.40838073
-0.43753974
-0.436748
-0.45234526
-0.46701821
-0.61751873
-0.63004541
-0.63956168
-0.64868516
-0.57957825
-0.61068539
-0.57045153
-0.55374589
-0.54066539
-0.49234593
-0.50168226
-0.53460731
-0.70949496
-0.70165599
-0.69110654
-0.68358021
-0.67154249
-0.47443618
-0.73392908
-0.7093429
-0.73243492
-0.73439235
-0.71359275
-0.73363587
-0.73924865
-0.76039101
-0.75246932
-0.72987769
-0.72496185
-0.74209325
-0.76458866
-0.69359534
-0.70239605
-0.71506157
-0.65623846
-0.67435931
-0.69918502
-0.71638291
-0.22768214
-0.24394764
-0.47175549
-0.48488304
-0.48593983
-0.49773467
-0.63294512
-0.57104422
-0.51737677
-0.36780935
-0.36427339
-0.36511106
-0.40387453
-0.29013055
-0.27463568
-0.56998274
-0.5573061
-0.64632744
-0.60681009
-0.17677837
-0.15035734
0.50087167
0.39508037
0.56430483
0.3132053
0.35646463
0.14929038
0.10209626
0.22451342
0.71277758
0.56410652
-0.046641079
-0.054084654
-0.070029059
0.10406642
-0.042346338
1.655163
1.63089
1.5627032
1.5358934
1.6121225
1.5347026
1.4671069
1.5014001
1.3662086
1.4362511
1.1350785
1.2184917
1.2937496
1.1076435
0.99431262
1.0118517
0.83237395
0.94483534
1.7310561
1.6949733
1.721712
1.7226034
1.7224289
1.4270966
1.5028889
1.5788521
1.6617187
1.6979818
1.6807448
1.1551233
1.0833058
1.229841
1.306015
1.3825298
0.87627413
0.822528
0.99873259
0.93506758
0.62036365
0.61938023
0.6512669
0.69466524
0.73888081
0.78536412
1.7048456
1.7030591
-0.26416368
-0.27101061
-0.27805297
-0.28461429
-0.29255236
-0.30264074
-0.31751796
-0.31505288
-0.33320464
-0.34380394
-0.33652328
-0.35357219
-0.35945738
-0.37026672
-0.38975142
-0.40433016
-0.41566187
-0.44034706
-0.44295045
-0.45934243
-0.61477729
-0.63780758
-0.64692151
-0.65923768
-0.58881515
-0.60454613
-0.58017033
-0.56387359
-0.54838046
-0.50097979
-0.5115961
-0.52658892
-0.71917907
-0.69024293
-0.68795103
-0.68918654
-0.65949223
-0.4830521
-0.72973893
-0.7403569
-0.70632807
-0.75205805
-0.72499526
-0.76653757
-0.71094415
-0.75741153
-0.7816167
-0.72390372
-0.77829136
-0.70645926
-0.68910701
-0.715857
-0.76161657
-0.76454895
-0.79226906
-0.73660053
-0.73603053
-0.69379936
-0.66071221
-0.6301755
-0.70835004
-0.65985142
-0.73955795
-0.69281013
-0.18086488
-0.29602964
-0.44622516
-0.4570628
-0.53558966
-0.57242593
-0.52960149
-0.5834269
-0.4376282
-0.46791621
-0.35802188
-0.33728404
-0.32346537
-0.29149393
-0.33181872
-0.60490078
-0.63348361
-0.61284627
-0.65179444
-0.13250288
-0.21592358
0.50054848
0.38717461
0.5655095
0.34860562
0.32259138
0.37624741
0.071863116
0.021267539
0.28614277
0.20747508
0.27512086
0.093026479
0.70102921
0.74065601
0.64139454
-0.11559933
0.055190812
0.059673833
-0.10506923
-0.12313624
-0.076479354
0.13085739
1.6706341
1.6569946
1.5770541
1.5707204
1.6255526
1.5553412
1.5012546
1.543731
1.3893142
1.3459928
1.4466046
1.1692275
1.2521219
1.2917787
1.0928793
0.97599683
1.0509329
0.81833549
0.80662664
0.96456842
1.734506
1.7378372
1.727208
1.7471133
1.7497569
1.7464559
1.4586827
1.5337492
1.610465
1.6434466
1.6794192
1.7245356
1.7156578
1.1400317
1.0674732
1.2153896
1.2919773
1.3685705
0.8373512
0.89340047
1.021548
0.95505061
0.59663062
0.58890791
0.63331584
0.67357439
0.71472746
0.76092297
1.7139519
1.7275254
-0.2668886
-0.27555897
-0.28053534
-0.28983028
-0.29626048
-0.30054834
-0.32209121
-0.30850786
-0.30720496
-0.33156101
-0.32723545
-0.3462115
-0.35742448
-0.35381709
-0.3656399
-0.3831088
-0.39492635
-0.4057834
-0.43572245
-0.44581648
-0.45101887
-0.46881929
-0.62228035
-0.63005598
-0.6412643
-0.65329037
-0.58565133
-0.61078335
-0.5708439
-0.55535382
-0.54053344
-0.49321796
-0.50687953
-0.53306446
-0.71709404
-0.71939741
-0.6998265
-0.68892688
-0.68726029
-0.47542494
-0.75137104
-0.73274413
-0.75960171
-0.75310362
-0.75373582
-0.71684968
-0.76698296
-0.77140778
-0.75184439
-0.74813846
-0.78690594
-0.77597101
-0.7715683
-0.73702914
-0.75344178
-0.7582217
-0.73430373
-0.75408269
-0.7426944
-0.77288296
-0.73625615
-0.73790018
-0.63913076
-0.66852747
-0.69184664
-0.67449946
-0.70235238
-0.70496039
-0.73354866
-0.19240234
-0.22229421
-0.17220241
-0.45353048
-0.4530185
-0.372051
-0.62083419
-0.55496187
-0.53987721
-0.4307319
-0.6657423
-0.62512557
-0.46087875
-0.54905138
-0.27931589
-0.32960656
-0.33652895
-0.33795555
-0.4039328
-0.32640547
-0.61066352
-0.62085458
-0.63121422
-0.64737781
-0.26910312
-0.063078332
0.50230343
0.50151407
0.45020948
0.53711315
0.21161065
0.3774786
0.29941446
0.7394755
0.65124287
0.63188455
0.64419355
-0.23747315
1.6994476
1.6685425
1.6039396
1.5770357
1.6515936
1.5571939
1.5378668
1.518057
1.4014966
1.3421013
1.4923638
1.45629
1.1730631
1.2552648
1.315632
1.1352476
0.99502858
1.0331276
0.84846322
0.90999516
0.79417148
0.88007713
1.7576734
1.7641611
1.7494441
1.7589809
1.777818
1.7760301
1.4440613
1.516982
1.5878412
1.636862
1.6783126
1.6986986
1.7303444
1.7290753
1.0925571
1.1669594
1.243366
1.3203339
1.3966891
0.81328559
0.87041197
0.99957049
0.93274959
0.56582819
0.56516348
0.58832171
0.60532755
0.64631181
0.68205598
0.72468065
0.77340782
1.7376919
1.7454236
-0.26720528
-0.27540898
-0.28064519
-0.28885894
-0.29655825
-0.30625144
-0.32158757
-0.31451694
-0.30953529
-0.34763793
-0.33520892
-0.36619263
-0.36321639
-0.36846227
-0.38498559
-0.40060052
-0.41783898
-0.43825079
-0.44973945
-0.46111834
-0.61718445
-0.63812693
-0.65057178
-0.66638364
-0.59253651
-0.61103046
-0.57944472
-0.56322241
-0.54800347
-0.50134655
-0.51461859
-0.52606203
-0.68795265
-0.73626244
-0.7088921
-0.69055151
-0.66087755
-0.70255942
-0.6767226
-0.48325741
-0.74923726
-0.73328317
-0.72983843
-0.74666854
-0.7589585
-0.7332841
-0.76492158
-0.76325641
-0.75456694
-0.75966402
-0.74976869
-0.78286801
-0.7633581
-0.74307267
-0.74788238
-0.74953704
-0.74618316
-0.75904453
-0.7483883
-0.71685024
-0.72085786
-0.73723305
-0.66401745
-0.66078626
-0.67567001
-0.67615779
-0.69865137
-0.71997741
-0.73016691
0.54508454
0.45247764
0.3614054
0.33349981
0.60635122
0.46979668
0.3718359
0.72164291
0.64764978
0.51808373
0.67603535
0.59376391
1.7104311
1.6955587
1.6171339
1.6012185
1.6624769
1.5837821
1.5603612
1.537521
1.3623687
1.4253041
1.4895035
1.4766606
1.2208616
1.2798948
1.3301959
1.1206648
1.0226495
1.0913394
0.74487269
0.80684289
0.9264045
0.89489032
0.94213024
0.93104172
1.7718284
1.7792181
1.7681452
1.7702124
1.7736601
1.7962324
1.7938029
1.471348
1.5429634
1.608734
1.6443163
1.6984404
1.6828159
1.7555108
1.746626
1.0709604
1.1456889
1.2224864
1.2996625
1.3760562
0.82802612
0.88767497
1.0210867
0.95209419
0.545591
0.53867877
0.5574058
0.60018546
0.62307321
0.65642225
0.69820347
0.74700044
1.7490726
1.7641338
-0.26424058
-0.27060921
-0.27109493
-0.27700601
-0.28517867
-0.28375546
-0.29222264
-0.29970164
-0.30524725
-0.32684553
-0.31805185
-0.31162365
-0.35008181
-0.33845063
-0.33049207
-0.36305932
-0.36709934
-0.37778194
-0.39161363
-0.40762786
-0.42734824
-0.42135484
-0.43916559
-0.46446042
-0.46931662
-0.62316703
-0.63654753
-0.6279465
-0.667056
-0.57993843
-0.61050834
-0.56923983
-0.55511814
-0.54056625
-0.49384984
-0.50724656
-0.53324357
-0.7286005
-0.70892637
-0.70896681
-0.70534556
-0.69567606
-0.67636992
-0.67301746
-0.47537139
-0.75538428
-0.73161149
-0.73406946
-0.75200386
-0.76756101
-0.7276935
-0.75445273
-0.76331855
-0.75956003
-0.76064557
-0.7447384
-0.76304257
-0.76155095
-0.74727284
-0.75219014
-0.75368787
-0.75171998
-0.77239831
-0.75760946
-0.73597977
-0.73389836
-0.74095896
0.63316077
0.58139677
0.56652698
0.38559801
0.59029563
0.59401968
0.64899966
0.62483151
0.5995516
1.7345529
1.7054225
1.6428662
1.6050176
1.6880734
1.5862999
1.5641616
1.5420045
1.3767957
1.438742
1.510359
1.4831769
1.1893389
1.3204052
1.3226634
1.1438745
1.0157614
1.0581491
1.1287291
1.0210117
0.91980617
0.95763426
0.9256812
1.7961893
1.8000479
1.7739169
1.8021299
1.7919094
1.8140219
1.8078952
1.4506401
1.5224283
1.5922869
1.6371192
1.7215789
1.6991775
1.7628365
1.7451536
1.0943438
1.1702874
1.2478736
1.3249273
1.4005987
0.80178912
0.86137804
0.99422303
0.92553776
0.52130696
0.53806782
0.52138216
0.55717375
0.57525996
0.6269369
0.6626025
0.70759707
0.75887143
1.7714837
1.7780813
-0.26388719
-0.2687555
-0.27431491
-0.27752258
-0.28143785
-0.28652295
-0.29208292
-0.29789516
-0.30083017
-0.32395068
-0.31694634
-0.31387778
-0.34874703
-0.35053023
-0.34365741
-0.33506781
-0.36872578
-0.37419684
-0.38014812
-0.39362537
-0.40828552
-0.42301341
-0.43854077
-0.45733126
-0.472141
-0.6135756
-0.65876546
-0.64102964
-0.66325105
-0.60136654
-0.58674644
-0.58005552
-0.56374925
-0.54843652
-0.50235661
-0.51498604
-0.52583073
-0.72658126
-0.70785003
-0.7066665
-0.70016628
-0.6949062
-0.67191917
-0.6646555
-0.48215444
-0.7407845
-0.74061956
-0.74319059
-0.74876234
-0.75687317
-0.73545806
-0.78007858
-0.76672153
-0.77331077
-0.74184655
-0.77651522
-0.73550462
-0.77183544
-0.74082232
-0.7543545
-0.76011521
-0.74853327
-0.76296556
-0.76425488
0.67638903
1.7444599
1.7286598
1.6502901
1.6306747
1.6965919
1.6140924
1.5848199
1.5624139
1.4059539
1.4509011
1.522272
1.5034857
1.1878368
1.299013
1.337741
1.3648782
1.1770713
1.1275756
1.1078561
1.0063844
1.0359592
0.97732029
1.8110775
1.8075615
1.7931191
1.8101839
1.814251
1.8300886
1.8255975
1.4739519
1.5445919
1.6250926
1.5755092
1.6618091
1.7216375
1.6910476
1.7811225
1.7625902
1.0673215
1.1432634
1.2212685
1.2982312
1.3732289
0.81596953
0.87706998
0.94298016
1.0136282
0.50804719
0.51616918
0.50265318
0.53230529
0.57503928
0.59893329
0.63330342
0.67974359
0.72991897
1.7813782
1.8023156
-0.26621554
-0.27135962
-0.27279252
-0.279492
-0.28414541
-0.28901496
-0.29474165
-0.30144863
-0.30617605
-0.32800252
-0.3208758
-0.31037201
-0.3612236
-0.34457405
-0.36003295
-0.3378275
-0.33087402
-0.37519392
-0.3744037
-0.38674649
-0.39918795
-0.4198878
-0.43716334
-0.42781693
-0.44359203
-0.46333651
-0.45179493
-0.47037786
-0.63000991
-0.67451715
-0.64846253
-0.63334451
-0.63785775
-0.58899207
-0.61545025
-0.61624084
-0.57110127
-0.55564781
-0.54075819
-0.49581651
-0.50753936
-0.53355997
-0.73233464
-0.71831728
-0.71578431
-0.70855284
-0.6991468
-0.68305021
-0.68100407
-0.769929
-0.74184787
-0.73799922
-0.76004562
-0.72817668
-0.73185292
-0.76321918
-0.76995501
-0.7656258
-0.78319936
-0.80446397
-0.77777241
-0.78833182
-0.77140751
1.7659666
1.7373208
1.6764308
1.6321356
1.7194386
1.6160055
1.5889929
1.5701998
1.4371169
1.4655392
1.5431781
1.5132578
1.2643073
1.2582936
1.3954292
1.3510577
1.4333577
1.2214534
1.1032261
0.90234684
1.830575
1.8266496
1.7995927
1.8306431
1.8321102
1.8458858
1.8426207
1.4442249
1.508572
1.6520751
1.6221758
1.577057
1.738332
1.7083646
1.7819413
1.7619653
1.08804
1.1650878
1.2440841
1.3203752
1.39389
0.78660072
0.84622536
0.91090317
0.98103163
0.49156579
0.51506907
0.50280372
0.49078337
0.53084429
0.54955594
0.60075265
0.63876983
0.68959791
0.74055089
1.8053042
1.8098975
-0.26501879
-0.26987121
-0.27549797
-0.2780678
-0.28316094
-0.28796929
-0.29304772
-0.2987499
-0.30420116
-0.32468351
-0.31821905
-0.31537503
-0.36642955
-0.34983688
-0.36420213
-0.34242759
-0.33543152
-0.38235673
-0.37973598
-0.38916355
-0.40436616
-0.41606812
-0.42455135
-0.43966384
-0.44998838
-0.45569634
-0.47173516
-0.49060792
-0.62159588
-0.6520586
-0.6469166
-0.63920261
-0.67189024
-0.58895224
-0.59704445
-0.61298135
-0.57601697
-0.56239438
-0.54797201
-0.50344884
-0.51345433
-0.52743635
-0.72465885
-0.71719205
-0.7111375
-0.71149699
-0.68671192
-0.6789217
-0.67239642
-0.79091733
-0.76704244
-0.75105945
-0.74634325
-0.76862476
-0.78213633
-0.73875251
-0.76223912
-0.73774107
-0.80173043
-0.78583977
-0.76167348
-0.76805213
-0.77335378
-0.77708275
1.7750574
1.7584505
1.6832077
1.6604102
1.7262018
1.6202794
1.6036862
1.585587
1.4305457
1.4884665
1.5516969
1.5393567
1.3097854
1.1720118
1.3720238
1.2891186
1.3827869
1.3455434
1.3730805
1.3951686
1.8399347
1.8334914
1.8178681
1.8425723
1.8517286
1.8655919
1.8604726
1.4630792
1.5209068
1.6713586
1.6326413
1.5612625
1.7330973
1.6999046
1.7996956
1.7786564
1.0551746
1.1321242
1.2120508
1.2890454
1.3617542
0.79871958
0.85956642
0.92534635
0.99701204
0.48596341
0.49479827
0.48628855
0.47864735
0.50787515
0.54807653
0.57027453
0.6171653
0.66017626
0.70876436
1.8168666
1.8347896
-0.26762524
-0.27197058
-0.27412216
-0.28108547
-0.28529151
-0.29037935
-0.29588583
-0.30140566
-0.30690173
-0.32958234
-0.32171086
-0.31407966
-0.3713194
-0.35424624
-0.34498553
-0.35688109
-0.36609292
-0.33797432
-0.33213222
-0.38528368
-0.38355212
-0.39725906
-0.41324583
-0.40424811
-0.4205725
-0.43665891
-0.44318843
-0.45018284
-0.4684592
-0.47852566
-0.49742762
-0.62852283
-0.65023218
-0.66645182
-0.64296086
-0.63222377
-0.58293329
-0.59191248
-0.61631594
-0.56845832
-0.55466372
-0.53966701
-0.48437332
-0.49927098
-0.53407592
-0.73071767
-0.72372221
-0.71608818
-0.70703055
-0.70829879
-0.69117842
-0.68018282
-0.75423872
-0.7563792
-0.73890379
-0.75028647
-0.75500759
-0.77005465
-0.72363675
-0.78250996
-0.78494601
-0.76543557
-0.77724127
-0.77966985
-0.779039
-0.77358675
1.7949391
1.7654582
1.7050947
1.6773094
1.7478468
1.6545079
1.6224596
1.6088763
1.5932429
1.4493217
1.4998045
1.5617522
1.5311581
1.4012701
1.3567476
1.4141815
1.3167883
1.4043059
1.8568587
1.8502627
1.8180636
1.857995
1.8683605
1.8857601
1.8722243
1.4316454
1.494628
1.6626454
1.6150133
1.5787652
1.7502017
1.7161778
1.7993503
1.7737933
1.0737756
1.1507336
1.2333915
1.3090888
1.3798195
0.76765453
0.82235599
0.88647031
0.95876552
0.47563973
0.49164149
0.48481378
0.47741156
0.47204821
0.50469599
0.52043816
0.56578272
0.58492386
0.62810419
0.66549677
0.7193892
1.8222702
1.8512564
-0.26686313
-0.27063954
-0.27568068
-0.28089785
-0.28419238
-0.28884998
-0.29351628
-0.29895578
-0.30391011
-0.30856534
-0.32918251
-0.31913857
-0.3160871
-0.37686427
-0.35399959
-0.34737504
-0.36122043
-0.37031461
-0.34090303
-0.33461824
-0.39157147
-0.38948633
-0.39703273
-0.40549409
-0.41773406
-0.4271283
-0.43928443
-0.44842047
-0.45650715
-0.47079538
-0.48081548
-0.48847063
-0.62736144
-0.65791263
-0.67111035
-0.64876863
-0.63762915
-0.58927004
-0.59887973
-0.60501845
-0.57545527
-0.56307927
-0.54985733
-0.5051809
-0.52043881
-0.5216813
-0.72649071
-0.7171705
-0.70630928
-0.68278836
-0.72330046
-0.7073667
-0.67751052
-0.67262471
-0.75409454
-0.75170158
-0.75942611
-0.7466825
-0.72943488
-0.77266909
-0.74748673
-0.76768446
-0.77099756
-0.78021302
-0.77397476
1.80065
1.7839004
1.7122897
1.6990313
1.7564484
1.6525296
1.6469648
1.6282026
1.6098493
1.4677955
1.5000657
1.5124792
1.5902256
1.5253755
1.4017489
1.3641351
1.3812426
1.4469141
1.8660265
1.8482932
1.8338356
1.8700885
1.8700188
1.8806779
1.8899613
1.8878744
1.4461344
1.5087854
1.6769363
1.6298247
1.559506
1.7431358
1.7063651
1.8150521
1.7894087
1.0346913
1.1121562
1.1964037
1.2746711
1.3446265
0.77953173
0.82820258
0.89679634
0.9747854
0.47942582
0.47392296
0.46918374
0.46776476
0.46388849
0.48725636
0.51454067
0.5321621
0.57222134
0.59533074
0.62462747
0.69300117
1.8367746
1.8221124
1.8622703
-0.26472031
-0.26840045
-0.27217341
-0.27415233
-0.27713793
-0.28191772
-0.2863367
-0.2914511
-0.29722029
-0.30127813
-0.30654346
-0.31179419
-0.33015384
-0.32365998
-0.32239215
-0.31502776
-0.38234073
-0.35890101
-0.35053495
-0.34338624
-0.36449831
-0.373686
-0.33752962
-0.33215391
-0.39487698
-0.39430625
-0.40135029
-0.41558266
-0.42208427
-0.43359473
-0.44271556
-0.45130302
-0.46412411
-0.47570825
-0.48298697
-0.5010352
-0.62675856
-0.66607817
-0.65951316
-0.6355272
-0.62770427
-0.58196517
-0.59304572
-0.61982281
-0.56789082
-0.55558929
-0.54376523
-0.51365418
-0.52334361
-0.53289455
-0.7387483
-0.72817005
-0.72319453
-0.71806351
-0.69646175
-0.69397174
-0.692041
-0.68008876
-0.76370631
-0.77095167
-0.7796853
-0.75051035
-0.72340316
-0.77370062
-0.7725069
-0.77146449
-0.75110083
1.8125998
1.7905723
1.7336894
1.7002556
1.7735912
1.6700475
1.6484156
1.6330576
1.6191888
1.4704297
1.4753711
1.5185228
1.5911196
1.6035084
1.5559658
1.428647
1.4760907
1.4056791
1.4608445
1.8889975
1.8617936
1.8339546
1.8781218
1.8791367
1.8901248
1.904372
1.8837825
1.4122806
1.4819563
1.662216
1.6113089
1.5836393
1.7588132
1.7204035
1.8103405
1.78256
1.0490856
1.1248992
1.2232873
1.2972015
1.3522381
0.73418696
0.77789941
0.85922482
0.93260504
0.47152046
0.46526627
0.46680115
0.46458778
0.46456494
0.45865799
0.48083473
0.48860462
0.52379788
0.54014061
0.59051559
0.61739291
0.64665044
1.8459355
1.849571
1.8722119
-0.26298433
-0.26401477
-0.26722499
-0.27101076
-0.27580723
-0.27948477
-0.28072329
-0.28469835
-0.28927398
-0.29714925
-0.30468609
-0.30193589
-0.30905739
-0.32869328
-0.32681852
-0.32180231
-0.31556502
-0.37568349
-0.38497911
-0.36188737
-0.35137089
-0.34534158
-0.36715606
-0.37360665
-0.3398821
-0.33423798
-0.39871529
-0.38707913
-0.39747922
-0.40426524
-0.41716778
-0.42563858
-0.43651955
-0.44587488
-0.45546346
-0.46717083
-0.4793857
-0.48799291
-0.50119797
-0.60800763
-0.67037742
-0.65916086
-0.65384402
-0.64304991
-0.58920003
-0.60145761
-0.61602764
-0.63207459
-0.57464395
-0.56338866
-0.54878097
-0.5087329
-0.52310426
-0.52489079
-0.728198
-0.72171618
-0.71724684
-0.70998109
-0.69025309
-0.6754628
-0.70912593
-0.6877704
-0.67422242
-0.76235362
-0.75977034
-0.75200488
-0.75692397
-0.7598922
-0.7632827
-0.73910183
-0.73606277
1.8191525
1.8055713
1.7528816
1.701348
1.7832088
1.6816098
1.6642468
1.6562152
1.6310803
1.4839579
1.5093933
1.5251213
1.5682631
1.6051953
1.5622309
1.434797
1.4306821
1.4561835
1.8811389
1.8779269
1.8648971
1.8484494
1.8884642
1.9029527
1.9003107
1.9077079
1.9031659
1.4277373
1.496685
1.6770056
1.6285424
1.5511147
1.7496415
1.7070729
1.8242803
1.796404
0.99983397
1.0807326
1.184599
1.2611324
1.3128113
0.72348346
0.77663013
0.82208923
0.88543639
0.93274857
0.48608857
0.44954732
0.4598611
0.45846452
0.45330601
0.44803418
0.45953552
0.48052987
0.4924028
0.52851415
0.55048354
0.56477431
0.6258528
1.86116
1.8516244
1.8824745
-0.26325565
-0.26580926
-0.26867097
-0.27213012
-0.27762982
-0.27425717
-0.28243895
-0.28650976
-0.28910239
-0.29502515
-0.29079407
-0.30552436
-0.29634549
-0.30145167
-0.31020801
-0.33111758
-0.3244215
-0.32253594
-0.3160891
-0.31260644
-0.37913996
-0.38559728
-0.35845681
-0.36410906
-0.35357202
-0.34781168
-0.34209798
-0.36984336
-0.37719021
-0.33744726
-0.33177144
-0.40356533
-0.39192204
-0.40017572
-0.41248741
-0.42153585
-0.43079615
-0.44037293
-0.44989329
-0.45925817
-0.47496117
-0.48334903
-0.4933556
-0.5080403
-0.63417698
-0.66167391
-0.64077481
-0.66728828
-0.64763225
-0.63651559
-0.58459661
-0.59117054
-0.61038193
-0.61593698
-0.56371036
-0.55596276
-0.53378044
-0.52986062
-0.53933466
-0.74003995
-0.73340117
-0.72729691
-0.71862664
-0.70693528
-0.70638553
-0.68827616
-0.68469127
-0.68000555
-0.75682309
-0.750243
-0.74729317
-0.73551639
-0.68670014
1.8378447
1.8106109
1.7359817
1.7658059
1.7129838
1.8011481
1.6945559
1.6675832
1.6512833
1.6430448
1.4881981
1.4974959
1.5578721
1.5856209
1.6234009
1.5763661
1.4563569
1.4730785
1.9039053
1.8914777
1.8815218
1.8423722
1.9045878
1.9076781
1.9127507
1.9206738
1.9122476
1.3883307
1.4493567
1.5258897
1.6612366
1.6130281
1.7639349
1.7176634
1.8173492
1.7871003
1.0115147
1.0949569
1.1337572
1.2640814
1.3244741
0.65917547
0.72037617
0.8071534
0.84406252
0.86795353
0.4875966
0.44187151
0.4509853
0.44114895
0.44997084
0.46740005
0.44363652
0.45024318
0.45457209
0.47991211
0.49389207
0.53767326
0.54472707
0.56853783
1.8712032
1.8629558
1.8889692
-0.26295458
-0.26470198
-0.26930235
-0.27113261
-0.27906364
-0.27555051
-0.28062965
-0.28483301
-0.28760718
-0.29276784
-0.29415584
-0.30813463
-0.30436912
-0.30110548
-0.29913
-0.32852868
-0.32642649
-0.3210033
-0.31962994
-0.31487503
-0.38170011
-0.38989602
-0.35919135
-0.36584228
-0.35468612
-0.34923142
-0.3437361
-0.37168106
-0.37856751
-0.33936356
-0.33332752
-0.408769
-0.39546319
-0.4028721
-0.41532133
-0.42472048
-0.43418044
-0.44382544
-0.45438121
-0.46665886
-0.4768492
-0.48843318
-0.50297388
-0.51040945
-0.62773021
-0.67506105
-0.66766458
-0.6508324
-0.64739535
-0.64174359
-0.58866947
-0.60107513
-0.59582666
-0.60955145
-0.57718218
-0.56526977
-0.54760479
-0.55585086
-0.52121587
-0.52911425
-0.78435467
-0.74222398
-0.7267981
-0.71488931
-0.70989864
-0.6984575
-0.69862781
-0.6920594
-0.68302886
-0.67335585
1.8436843
1.8282486
1.7332292
1.7700505
1.7328862
1.8040175
1.7014541
1.6783168
1.6463786
1.6569895
1.5043587
1.4872229
1.5672032
1.5675655
1.5983947
1.6332302
1.5914769
1.9106086
1.8860783
1.8858879
1.8710708
1.8555167
1.9125679
1.9143825
1.9200746
1.9260957
1.921921
1.3583501
1.4108105
1.4540534
1.5314443
1.6727175
1.618309
1.751907
1.7051909
1.8304174
1.8009415
0.95241281
1.0197825
1.1216097
1.2094515
1.2563118
0.63333728
0.65546506
0.75969278
0.83163363
0.84592212
0.42237196
0.44315263
0.43298146
0.44582795
0.4565754
0.42809989
0.44081232
0.44662992
0.47655469
0.49593764
0.49402215
0.53751104
1.8853036
1.8684909
1.9038966
-0.26138585
-0.26358229
-0.26457315
-0.26627958
-0.26979606
-0.27182752
-0.27708556
-0.27379912
-0.28200926
-0.28631856
-0.2886464
-0.29577558
-0.29264966
-0.30943068
-0.30557222
-0.29914645
-0.29989657
-0.33103268
-0.32554996
-0.32354462
-0.31512044
-0.31318695
-0.38391718
-0.39180143
-0.3576538
-0.36202828
-0.36861849
-0.35162279
-0.34601036
-0.34122005
-0.37484372
-0.38102915
-0.33753642
-0.32748174
-0.40674299
-0.40754282
-0.39846631
-0.40525992
-0.42004616
-0.42876457
-0.43736071
-0.45014928
-0.46025646
-0.473941
-0.46558884
-0.48329489
-0.49513636
-0.51119943
-0.4979884
-0.63343573
-0.66313667
-0.65874519
-0.65136431
-0.64290731
-0.63287577
-0.5745619
-0.59334386
-0.61286325
-0.61628402
-0.62155837
-0.56784042
-0.58711244
-0.55429189
-0.54041183
-0.54822458
-0.56413461
-0.52865683
-0.53430714
1.8540514
1.8467021
1.7484767
1.7829365
1.7359826
1.8022044
1.7156465
1.7055484
1.7009592
1.6741049
1.6637521
1.5051939
1.5334699
1.5290895
1.5573093
1.6231488
1.6424904
1.5878075
1.9082568
1.8965699
1.8877063
1.8794846
1.8480819
1.9204979
1.91986
1.9301984
1.9353403
1.9224321
1.3376469
1.379521
1.4095327
1.4849022
1.5643909
1.6509985
1.5875109
1.7700189
1.7187066
1.8213017
1.7900117
0.87996492
0.99979314
1.0486486
1.1591419
1.234105
0.55936494
0.60986504
0.74795422
0.74721737
0.41984461
0.43340034
0.41375155
0.44643631
0.4134806
0.4138651
0.42622094
0.43748177
0.47520099
0.46514055
0.47807536
1.8947178
1.8790868
1.9204037
-0.25991451
-0.26262035
-0.26337743
-0.26803906
-0.26810235
-0.27072265
-0.27852793
-0.27471028
-0.27913743
-0.28514466
-0.28592383
-0.29707754
-0.29107908
-0.30770858
-0.30463279
-0.29968206
-0.29493276
-0.33000354
-0.3250943
-0.3231555
-0.31796994
-0.31096824
-0.38774692
-0.39493642
-0.35674265
-0.36555171
-0.37084752
-0.35188486
-0.34694415
-0.34246432
-0.37645185
-0.38194918
-0.33924775
-0.32523795
-0.41173293
-0.41523242
-0.40164457
-0.40898091
-0.42519332
-0.43268245
-0.44213527
-0.45212637
-0.46028257
-0.46725383
-0.47948985
-0.48748604
-0.49580603
-0.50336033
-0.51707805
-0.62589233
-0.59193293
-0.59816348
-0.60292744
-0.60999253
-0.61371444
-0.57308331
-0.57887075
-0.56727148
-0.53552409
-0.54863938
-0.55606728
-0.51805553
-0.52978301
1.8627495
1.8321849
1.857202
1.7585828
1.7931301
1.7490732
1.8134903
1.7277433
1.7154343
1.6827392
1.6827739
1.67244
1.5313951
1.5549119
1.5732019
1.6112375
1.669583
1.5872066
1.9169432
1.9111708
1.8880486
1.8731163
1.8582491
1.9329067
1.9296092
1.9329785
1.9371677
1.9289809
1.2944795
1.3812353
1.3977267
1.4801082
1.5457778
1.6614874
1.6052039
1.7513198
1.7323489
1.6896183
1.832438
1.8024827
0.83949399
0.92704124
1.0299847
1.1280045
1.1668864
1.2619792
0.51540597
0.52752057
0.6111131
0.69738212
0.70731097
0.40375491
0.43333455
0.39507116
0.43596783
0.39172355
0.39369065
0.39026013
0.41392446
0.43730142
0.41496854
0.43769754
1.8918485
1.8887517
1.907109
1.9217749
-0.26077911
-0.26323751
-0.26456388
-0.26694168
-0.26871847
-0.27094284
-0.27482885
-0.27428846
-0.28089308
-0.28606037
-0.28681947
-0.29083648
-0.2936462
-0.29155209
-0.30698213
-0.3049098
-0.29976657
-0.29148342
-0.32526665
-0.3206393
-0.32485805
-0.30704601
-0.30861358
-0.38784482
-0.39848866
-0.35444376
-0.35240952
-0.36725094
-0.36894445
-0.37349061
-0.34830738
-0.34496442
-0.34228595
-0.37837414
-0.38350068
-0.34389185
-0.412628
-0.41841373
-0.40439696
-0.41112195
-0.41925963
-0.42767585
-0.43661538
-0.44708047
-0.44443374
-0.4552684
-0.46314297
-0.473673
-0.48463038
-0.4791023
-0.49018826
-0.49856888
-0.51033233
-0.52457706
-0.58550474
-0.59161441
-0.60075782
-0.56588971
-0.57477257
-0.56132592
-0.53949227
-0.5443616
-0.55191834
-0.52808107
-0.53378411
1.8728373
1.8280866
1.858969
1.7733255
1.8008771
1.75673
1.8288848
1.7419897
1.7156579
1.6979708
1.6897714
1.6862196
1.552969
1.7189826
1.6886932
1.9226004
1.9146882
1.8972154
1.8825801
1.8501489
1.9267929
1.9461687
1.9442141
1.9509005
1.9351619
1.3374255
1.3524362
1.4299768
1.5022149
1.5166803
1.591183
1.6347167
1.7653569
1.7292492
1.6953662
1.822495
1.7868835
0.7566979
0.86625968
0.95048208
1.0589416
1.1283637
1.2308878
0.44614336
0.46651774
0.55660992
0.63000447
0.38299603
0.40913671
0.42310679
0.37852019
0.37183461
0.36741112
0.36039561
0.38535738
0.41359772
0.37503546
0.38141653
1.8993485
1.8909656
1.9092938
1.9300293
-0.26002651
-0.26208353
-0.26556135
-0.26642634
-0.26785519
-0.26995164
-0.27384763
-0.27170891
-0.28173518
-0.28522765
-0.291092
-0.29326402
-0.29445985
-0.28912646
-0.30823945
-0.31175617
-0.32142645
-0.32631078
-0.38768058
-0.39697998
-0.40149788
-0.41491294
-0.41784071
-0.40717164
-0.4134189
-0.42404452
-0.43107964
-0.43807274
-0.44430889
-0.45166254
-0.4590989
-0.46536953
-0.47366064
-0.47951612
-0.48801181
-0.49532131
-0.50178952
-0.51059568
-0.51735377
-0.53496963
-0.52392049
-0.52795755
1.8932247
1.8382345
1.8548436
1.7810369
1.8088703
1.7763502
1.8332993
1.744517
1.7298063
1.7098449
1.7020453
1.6922561
1.9292054
1.9116604
1.8935576
1.874652
1.8602327
1.9364564
1.934442
1.9439168
1.9448881
1.9437364
1.9481963
1.3185503
1.3324436
1.4107433
1.4708437
1.5337775
1.590312
1.6446829
1.7655681
1.7157018
1.6710353
1.8327687
1.7975363
0.71616202
0.80551778
0.90185386
1.0175841
1.0557756
1.1729369
1.2727142
0.39359795
0.39150504
0.46332068
0.50908113
0.57902006
0.5782192
0.63355207
0.36613594
0.39202752
0.35766007
0.35172715
0.33988263
0.33055131
0.35115514
0.36712091
0.32091328
0.33392795
1.9161969
1.9023885
1.9171343
1.9306317
-0.25967305
-0.2601615
-0.26081767
-0.26194125
-0.26474843
-0.26551484
-0.26797026
-0.26903572
-0.28117125
-0.2821513
-0.27237021
-0.27031292
-0.28130105
-0.2837785
-0.28746478
-0.28868723
-0.29134871
-0.4169469
-0.42188272
-0.42680516
-0.43407986
-0.4406521
-0.44906806
-0.45456423
-0.46170572
-0.46980971
-0.47600106
-0.48494015
-0.49074091
-0.49780367
-0.50647602
-0.51362468
-0.52708339
1.8838492
1.8946817
1.8519604
1.8708296
1.787712
1.8187583
1.7715288
1.8413564
1.7545686
1.7409486
1.7303469
1.708045
1.9251056
1.9181741
1.9012438
1.8827442
1.8509309
1.93926
1.9476445
1.9519778
1.9515491
1.9426771
1.9502689
1.9389806
1.2852874
1.3695071
1.4420064
1.5144644
1.5649624
1.6233982
1.7676587
1.7222308
1.6785835
1.8191524
1.7877553
0.72498007
0.81757765
0.93539234
1.0141655
1.1453985
1.2466527
0.33322265
0.32056187
0.37011553
0.47442775
0.49936533
0.57165229
0.34468782
0.37317213
0.33955576
0.32563337
0.31665465
0.2933709
0.30555995
0.32420336
0.27443059
0.28652763
1.9212893
1.9109779
1.9267083
1.940814
-0.25928798
-0.25929428
-0.26065067
-0.26350741
-0.26295416
-0.26526949
-0.2672084
-0.26858292
-0.2801995
-0.27565262
-0.27228189
-0.26956609
-0.27578927
-0.29046408
-0.4198599
-0.42397739
-0.43004527
-0.43688525
-0.44315883
-0.45097783
-0.45731843
-0.46421026
-0.4716989
-0.47825027
-0.48711678
-0.49385078
-0.50099304
-0.50901698
-0.51668463
-0.52132712
1.8804715
1.900752
1.8596067
1.8822283
1.8144639
1.8311404
1.764487
1.8495375
1.7697883
1.7478437
1.7247701
1.7033304
1.9339826
1.9137861
1.8942151
1.8740218
1.8604647
1.9431734
1.9525782
1.9531925
1.9517009
1.9458717
1.9590423
1.9473513
1.2653343
1.3502822
1.4289582
1.5077527
1.5687204
1.6341484
1.7506743
1.7017464
1.6582366
1.826349
1.7910575
0.65641677
0.76065606
0.88412961
0.93075587
1.0538586
1.0858296
1.1934468
0.27383748
0.26021184
0.30649537
0.35438024
0.41567272
0.41272049
0.4996475
0.565749
0.32467263
0.35389043
0.31384769
0.30604018
0.28447159
0.2677581
0.27388128
0.27856581
0.23243171
0.24019617
1.9283911
1.9168575
1.9320037
1.9452862
-0.25952518
-0.2594475
-0.26046742
-0.26232325
-0.26363201
-0.26282154
-0.26717309
-0.26730031
-0.27672537
-0.27921511
-0.26551054
-0.2692415
-0.26926436
-0.27104936
-0.42637196
-0.4327603
-0.43920697
-0.44646382
-0.45303425
-0.45950451
-0.46725107
-0.47418711
-0.48211285
-0.48896962
-0.49576077
-0.50429251
-0.51215826
1.8877249
1.9074934
1.8687794
1.8881811
1.8132163
1.8215796
1.8453469
1.7930026
1.8529783
1.7780365
1.7751791
1.6735153
1.9276426
1.9224824
1.9010112
1.8846441
1.8458511
1.9543515
1.9530789
1.9663012
1.9662404
1.9452077
1.9644934
1.941548
1.2113829
1.3042416
1.3953316
1.4704274
1.5326245
1.5784316
1.6040869
1.7558379
1.704647
1.6631695
1.8173171
1.7767653
0.66812056
0.7756279
0.80441332
0.89090816
1.0056288
1.0915539
1.1766576
0.2192309
0.18869612
0.23114682
0.28052128
0.34055151
0.41872229
0.49513334
0.30047056
0.33266178
0.29418991
0.2762662
0.26435002
0.22671623
0.2241591
0.2250847
0.1966171
0.19314353
1.9329196
1.9215463
1.9503058
1.9551799
-0.25925686
-0.25982554
-0.26000777
-0.26151563
-0.26248892
-0.26399129
-0.26737512
-0.26939613
-0.2840611
-0.28125542
1.8988498
1.9171377
1.8825206
1.888592
1.7951642
1.8198986
1.8398851
1.7977103
1.8736508
1.7932214
1.8150938
1.789651
1.9379261
1.9150101
1.8973739
1.8724824
1.864318
1.9566426
1.9612875
1.9591335
1.9599581
1.9635735
1.9551228
1.9600184
1.9506995
1.184432
1.288635
1.3894116
1.483099
1.5313421
1.5688803
1.6114097
1.731774
1.6895758
1.6337165
1.8323842
1.7854249
0.58731129
0.67983762
0.78483945
0.81185532
0.91012609
0.94206532
1.0462419
1.1232816
0.15090723
0.1252409
0.16886266
0.20804005
0.26324379
0.32955359
0.41557271
0.49585948
0.27708412
0.30885491
0.26437375
0.2578192
0.22929634
0.20727951
0.19807104
0.18766636
0.12766891
0.13930142
1.9274811
1.9323948
1.9462543
1.9506214
1.9564641
-0.25698728
-0.25790732
-0.25873239
-0.25920348
-0.26028599
-0.26008238
-0.26627669
-0.26586054
1.9060999
1.9228544
1.8842259
1.9110563
1.805305
1.8252162
1.8309828
1.8090498
1.8740505
1.8772329
1.7967591
1.9326421
1.9321346
1.9059726
1.8801125
1.8505129
1.9659649
1.9624615
1.9651635
1.9651707
1.9707388
1.951876
1.9676527
1.9450313
1.13635
1.2263486
1.3038989
1.3362681
1.4115225
1.5022272
1.4326307
1.5487753
1.6042526
1.7473334
1.6941187
1.6349833
1.8057362
1.8282225
1.7593239
1.7859678
0.5120975
0.61357211
0.70657369
0.75424147
0.84955622
0.97662373
1.0262541
1.1039478
0.10119721
0.049411528
0.088933554
0.12144025
0.16391214
0.2392085
0.31211502
0.40145489
0.24922257
0.28545435
0.24205644
0.22728953
0.21273319
0.16402475
0.14643436
0.12100253
0.096398918
0.11470837
1.9419923
1.9352749
1.9444803
1.9571335
1.9648451
-0.25692595
-0.25806319
-0.25847423
-0.25936127
-0.25941604
-0.26058439
-0.26143674
-0.25896414
-0.272024
1.9196751
1.934131
1.8774389
1.9139333
1.9166904
1.8197113
1.8424736
1.8605514
1.8149865
1.8609659
1.8857744
1.9411823
1.9207201
1.9052628
1.8897534
1.8668296
1.85422
1.963777
1.9714387
1.9729977
1.9669404
1.9674786
1.9614345
1.9638872
1.9548106
1.1105738
1.2184609
1.2760765
1.3387514
1.4040636
1.5000977
1.4806837
1.5474391
1.5996669
1.7245222
1.6590482
1.6967272
1.6222771
1.8117403
1.8346206
1.7669202
1.7879296
0.47649927
0.55051306
0.64618046
0.67769548
0.78696198
0.88659636
0.93702385
1.0536602
0.031663199
-0.0032808867
0.034869063
0.05849935
0.076385215
0.14900483
0.22103117
0.33371103
0.40014902
0.22388428
0.25844779
0.21158878
0.21347477
0.17545517
0.14940052
0.13138074
0.10139292
0.076918425
0.032301265
0.057516762
1.9487805
1.9450217
1.9496356
1.9599388
1.9667952
-0.25655231
-0.25622843
-0.25609815
-0.25706661
-0.25740267
-0.25660854
-0.26472683
1.9293735
1.936399
1.9030285
1.900336
1.9168128
1.8241777
1.8386004
1.8582329
1.8737011
1.8876832
1.9308295
1.9235695
1.9122741
1.8968577
1.8774949
1.8548471
1.9737547
1.9709662
1.9785681
1.9767713
1.9768679
1.9569987
1.9736098
1.9474217
1.0550093
1.1276749
1.1698814
1.2432453
1.3140635
1.3595704
1.4154757
1.5218813
1.4849347
1.5728018
1.7274098
1.676468
1.701392
1.6202609
1.8201192
1.8112249
1.7431168
1.7756667
0.47903176
0.57067723
0.60739013
0.73737188
0.84063881
0.9668897
1.0204509
0.0089697037
-0.017778791
-0.0934276
-0.04453252
-0.034026462
-0.022493645
0.056567409
0.12866668
0.2543906
0.33233324
0.1948493
0.23387346
0.2006396
0.18400879
0.16196561
0.10775373
0.080832439
0.037070594
0.004597988
-0.023741507
1.9559625
1.9483618
1.9603968
1.9698302
1.976585
-0.25659033
-0.25559527
-0.25792471
-0.25664749
-0.25747179
-0.25280888
-0.25627076
1.930649
1.9543108
1.9026078
1.9097653
1.916955
1.9422512
1.9277386
1.904874
1.8922412
1.8654589
1.8579154
1.9771162
1.9805268
1.977789
1.9751659
1.9734738
1.9675789
1.9684898
1.959992
1.0270553
1.0862019
1.1654752
1.2365293
1.3048089
1.3570218
1.4043548
1.4493609
1.5233839
1.5025707
1.5709755
1.7252915
1.6547077
1.6858774
1.6232407
1.5897348
1.8286827
1.8137971
1.7532894
1.7826212
0.39742527
0.4853408
0.52852687
0.65511766
0.77504315
0.88001702
0.92371998
-0.060624247
-0.10482331
-0.17418497
-0.099378133
-0.081963488
-0.082396551
-0.039261382
0.054487735
0.090698969
0.15102334
0.31765686
0.17108499
0.1838147
0.20565901
0.16714397
0.1274918
0.1010236
0.070242253
0.033318557
-0.0060358608
-0.012543596
-0.030634802
-0.075073014
1.9584988
1.9607161
1.9661906
1.9707422
1.9763608
-0.25605075
-0.25644329
-0.25744293
-0.25595451
-0.25570676
1.9039359
1.9716299
1.9591713
1.9366193
1.9343058
1.9168448
1.901041
1.8709708
1.8431163
1.9863053
1.9813139
1.9898111
1.9863044
1.9850889
1.9634253
1.9839488
1.9592047
0.9643063
1.0589544
1.1310846
1.1922836
1.2667264
1.3273543
1.3771881
1.4412524
1.440011
1.5448189
1.5016236
1.7272668
1.6518808
1.6888954
1.6233336
1.5905015
1.8227734
1.797375
1.7408271
1.7657384
0.40726841
0.47467502
0.62881653
0.74006375
0.84616792
-0.11936119
-0.18049955
-0.2444232
-0.1947123
-0.18790295
-0.21708007
-0.11350791
-0.038978567
-0.028142169
0.12678328
0.20765835
0.1431081
0.1787465
0.14748691
0.1369183
0.11635994
0.061886229
0.021380903
-0.021863038
-0.061225583
-0.093354397
-0.088922801
-0.14037164
1.9679844
1.9600837
1.9729902
1.9862668
1.989372
-0.25635102
-0.25760771
-0.25583316
-0.25605222
-0.25604551
1.9548205
1.9262253
1.9051747
1.8892193
1.8710884
1.8550023
1.8475369
1.9825239
1.9931281
1.9862227
1.9861803
1.9841048
1.983551
1.9774809
1.9835198
1.9636846
0.95892359
1.0364856
1.145871
1.2004939
1.2662457
1.3233171
1.3704271
1.4266309
1.4625208
1.5437776
1.5229543
1.7073341
1.6480542
1.6697258
1.6046899
1.5649301
1.8283107
1.8030183
1.7470706
1.7731664
0.32231498
0.35811298
0.49819359
0.58902586
0.66938907
0.77908403
0.85655082
-0.19669055
-0.26489587
-0.34255973
-0.24440348
-0.2303715
-0.25167822
-0.28176933
-0.20184243
-0.07800892
-0.061659575
0.02195077
0.22463791
0.12009872
0.13172148
0.14908293
0.12618706
0.083729522
0.057015742
0.027770338
-0.017750024
-0.026623992
-0.050983948
-0.12213474
-0.14396255
-0.14993752
-0.20301244
1.9637732
1.9547372
1.9946118
1.9858128
1.9871435
-0.25442738
-0.2539822
-0.2548411
-0.25565337
-0.25484883
1.952983
1.9424269
1.9134409
1.8977639
1.890262
1.8790371
1.8429928
1.9935124
1.9876251
1.9922353
1.9960555
1.9960322
1.9920263
1.9721911
1.9719529
1.9864631
1.9526741
1.958839
0.91634565
0.98822098
1.0507945
1.102344
1.1677573
1.2278333
1.2898737
1.3439145
1.3917557
1.4249332
1.4867753
1.5291738
1.7106049
1.6488277
1.6774949
1.6067132
1.5650383
1.8133949
1.7863191
1.7231833
1.7586113
0.31643196
0.37783341
0.46271648
0.55396418
0.66078405
0.76297691
0.83485171
-0.27072302
-0.35163982
-0.43047301
-0.35927437
-0.32971382
-0.37362729
-0.42205766
-0.26825012
-0.22542679
-0.18862408
-0.19179232
-0.048767318
0.024229024
0.15990448
0.096785563
0.12748671
0.10037954
0.096623319
0.07536986
0.02076583
-0.012666717
-0.061103873
-0.091334223
-0.1019659
-0.1688337
-0.20015315
-0.21286464
-0.26947092
-0.25464495
-0.25555006
-0.25491062
-0.25473542
-0.25546556
1.9335457
1.9502153
1.9322188
1.9052184
1.9062393
1.9002086
1.8815382
1.8713019
1.8438559
1.9931688
1.9898262
1.9921195
1.9944074
1.9847359
1.9846181
1.9754005
1.9832914
1.9859922
1.9661469
1.9737227
0.89442294
0.97328671
1.0318152
1.1167573
1.1751602
1.2342096
1.2942832
1.3455255
1.3936812
1.4729281
1.4362472
1.503755
1.5575375
1.7016243
1.6252517
1.6629877
1.5810071
1.820114
1.7941449
1.7497141
1.7707869
0.2294912
0.34127354
0.41333749
0.4905605
0.54080949
0.70591222
0.59702411
0.79275694
0.8720035
-0.35237019
-0.44436616
-0.5138063
-0.43862799
-0.40741456
-0.45517542
-0.47960008
-0.35471119
-0.31777258
-0.231639
-0.21819222
-0.183332
0.054624107
-0.085380521
0.17330913
0.076842183
0.084056616
0.10191682
0.082394873
0.039917152
0.017622286
-0.01058553
-0.052769688
-0.11143362
-0.1260094
-0.15514738
-0.22609267
-0.24644911
-0.21887648
-0.25723451
-0.35141901
-0.25468761
-0.25453937
-0.25517971
-0.25429505
-0.25526354
1.9473214
1.9521725
1.9322448
1.9181863
1.9261356
1.8911389
1.8854547
1.8399013
1.8642712
1.8256073
1.9745568
1.9748423
1.9609815
1.9629852
0.92159113
0.9954642
1.0377442
1.105859
1.1427742
1.2029096
1.2586323
1.314566
1.3682421
1.4115163
1.4544913
1.4520704
1.4988665
1.547304
1.6965017
1.6328032
1.6667529
1.6027169
1.7994893
1.7860061
1.747151
1.7527697
0.21814333
0.24619855
0.32616827
0.41326569
0.51212684
0.52410661
0.70358826
0.61071213
0.78827012
0.86695411
-0.44074006
-0.51764859
-0.53590949
-0.55511481
-0.50186039
-0.52090481
-0.56886828
-0.44215831
-0.57214652
-0.36743478
-0.34065493
-0.33954801
-0.15841348
0.06076017
-0.0552896
0.097821006
0.053542944
0.049757915
0.030938917
-0.015628157
-0.046924976
-0.091768893
-0.146544
-0.17696187
-0.1933971
-0.27137165
-0.31721424
-0.29900162
-0.31583761
-0.42735954
-0.25475988
-0.25424793
-0.25428244
-0.25430654
1.9359167
1.9607747
1.932574
1.9210361
1.9099962
1.9033941
1.8693731
1.8593131
1.8732402
1.8415462
0.92829958
0.99956127
1.0545651
1.0777228
1.1431176
1.2074001
1.2647146
1.3199778
1.3701142
1.4103759
1.4736855
1.4542763
1.5128203
1.5477786
1.6745204
1.6887869
1.6243212
1.6391763
1.5829676
1.825371
1.7858341
1.7169583
1.7692351
0.15228553
0.27452458
0.27053464
0.36279764
0.45293419
0.52892695
0.66875498
0.72821847
0.5730242
0.81739998
0.89330677
-0.52061196
-0.59345472
-0.63187637
-0.62854136
-0.56166362
-0.54429012
-0.58968419
-0.63568118
-0.48870442
-0.6408127
-0.59776247
-0.46103359
-0.37712902
-0.36044087
-0.228755
-0.022082486
-0.11756414
0.11079866
0.034704009
-0.0010554004
-0.015639215
-0.044183977
-0.084258052
-0.13602753
-0.19483827
-0.21121189
-0.24740801
-0.33867768
-0.36129705
-0.34034308
-0.38245283
-0.48687722
-0.25404456
-0.25340942
-0.25394473
1.9464998
1.9481632
1.9404624
1.9295829
1.9177911
1.8979275
1.8921138
1.8481675
1.868186
1.8304393
0.95407085
1.0174433
1.093551
1.1179614
1.1764578
1.2329912
1.2735206
1.3434939
1.3984679
1.4106225
1.4817923
1.4684047
1.5175798
1.5632169
1.6919647
1.7128715
1.6142181
1.6688112
1.5791146
1.8243092
1.7746974
1.7801303
1.7074273
1.7219982
1.766012
0.17211465
0.24151018
0.3096292
0.38098436
0.4606795
0.47836201
0.64344054
0.77277818
0.57589451
0.83140869
0.89897866
-0.52813343
-0.56527312
-0.65945174
-0.68684385
-0.68906954
-0.63331453
-0.63053934
-0.70213291
-0.75027721
-0.58399905
-0.70862518
-0.69521123
-0.49412123
-0.44330864
-0.34751422
-0.44395745
-0.18552814
0.0022618303
-0.14928818
0.049715679
0.0043166268
-0.0051695964
-0.044939977
-0.078520715
-0.12017659
-0.17142423
-0.23117636
-0.26347227
-0.28514658
-0.37968207
-0.43205038
-0.40922413
-0.42895398
-0.52109958
-0.51027868
-0.25400964
-0.2535263
1.9406117
1.9302366
1.9207101
1.910568
1.9005725
1.8972493
1.8514721
1.856071
1.8618709
1.8322755
0.95815691
1.0135779
1.0646175
1.1272308
1.1868662
1.2464213
1.3088907
1.3549299
1.3861778
1.4548853
1.4937735
1.4889544
1.5129478
1.542948
1.6772551
1.699232
1.5912533
1.6067068
1.6670556
1.5695766
1.8090677
1.7821232
1.8050233
1.7462148
1.7324738
1.7529353
0.13487322
0.20623318
0.3597871
0.32423427
0.43434955
0.51686037
0.63850458
0.60331125
0.80168613
0.78157526
0.5318188
0.85981755
0.92135796
-0.61588778
-0.6309141
-0.68495749
-0.71348409
-0.74446993
-0.69573725
-0.75391272
-0.68748476
-0.71671444
-0.75551389
-0.79823915
-0.6064534
-0.7966384
-0.71602743
-0.58526289
-0.51148618
-0.33432154
-0.4895407
-0.45459614
-0.1910582
0.013145842
-0.095605051
-0.13915159
0.074766518
-0.0028400381
-0.046616194
-0.075679923
-0.1137681
-0.1611765
-0.2173563
-0.28095507
-0.29853334
-0.34197969
-0.43034584
-0.48016652
-0.45543457
-0.49922801
-0.59841263
-0.59501349
-0.25305108
1.8979153
1.8851693
1.8403824
1.8703151
1.8863225
1.8178608
0.9588702
1.0219534
1.0402245
1.1229692
1.1085218
1.1912824
1.1751295
1.2538617
1.2424673
1.3246807
1.3309537
1.3810649
1.4064542
1.4457409
1.4821013
1.5101061
1.5083841
1.5453059
1.5449576
1.6782556
1.7059196
1.6096694
1.6416294
1.64487
1.5799448
1.8100399
1.7643217
1.7934682
1.752987
1.7375262
1.7142493
0.12023816
0.19925859
0.1643036
0.33972254
0.28405971
0.39120659
0.53196235
0.69098513
0.63317539
0.79394825
0.69063371
0.56036793
0.86909377
0.93959973
-0.66243885
-0.69297225
-0.76971053
-0.77950587
-0.79543354
-0.75523284
-0.81048462
-0.75913899
-0.8076107
-0.86426083
-0.85378549
-0.70663521
-0.81722683
-0.77698028
-0.61433977
-0.5989847
-0.30464665
-0.34892371
-0.56227388
-0.41116633
-0.43744691
-0.2473323
-0.031931571
-0.05780064
-0.24657658
-0.13702143
0.083095293
-0.071714064
-0.10535327
-0.14630561
-0.19538314
-0.25230689
-0.31591413
-0.35168386
-0.37184257
-0.44630496
-0.46347857
-0.54316364
-0.52611342
-0.55478442
-0.64470444
-0.64796078
-0.25353737
1.8862333
1.8504932
1.853599
1.8668571
1.8279422
1.01263
1.057329
1.0914178
1.0991291
1.1484135
1.166971
1.2123106
1.2284623
1.2754693
1.2876307
1.3201707
1.3793045
1.3954751
1.4527268
1.4424776
1.5119355
1.482505
1.5557278
1.6591833
1.6908638
1.5955633
1.6238246
1.644467
1.5752564
1.8170672
1.7743601
1.8005147
1.7581444
1.7435097
1.7233084
0.086209723
0.26076135
0.20215459
0.34415345
0.3333413
0.26615588
0.38443197
0.43919791
0.65487984
0.68894443
0.61945637
0.77976017
0.7765385
0.65970334
0.57923391
0.87570086
0.85352355
0.94870941
0.93261156
-0.71983962
-0.7394618
-0.80505682
-0.82087267
-0.85521602
-0.81585138
-0.8672749
-0.81341654
-0.85968599
-0.89031442
-0.92396245
-0.69431566
-0.86448848
-0.83291523
-0.66188657
-0.55427914
-0.24643575
-0.36261423
-0.58496592
-0.42685461
-0.5484317
-0.49378175
-0.28274368
-0.094336566
-0.0057340103
-0.07382455
-0.17856785
-0.17065879
0.073885277
-0.1015671
-0.13957255
-0.18580856
-0.23934629
-0.29982126
-0.36645569
-0.38633416
-0.42448227
-0.50855019
-0.52003342
-0.57021139
-0.59396757
-0.61679712
-0.64253448
-0.68616277
-0.69716613
-0.2529869
1.8341693
1.8228758
1.032824
1.0360555
1.0679706
1.0955233
1.1196795
1.1601627
1.1896904
1.2217646
1.2527836
1.2836065
1.3104268
1.3395661
1.4512601
1.3937252
1.4749386
1.4564921
1.5414241
1.4706643
1.5484281
1.669962
1.7001482
1.6024098
1.6302802
1.6513663
1.5764178
1.8039629
1.7664391
1.7855498
1.7433526
1.7235754
1.7046948
0.12189885
0.18879579
0.20512672
0.39656646
0.30533694
0.28138414
0.45382361
0.46397779
0.4273905
0.69009504
0.73086566
0.57075666
0.75409483
0.82357314
0.74966136
0.51556799
0.84580757
0.89843663
0.91413957
0.97150725
-0.76443302
-0.79851073
-0.86846979
-0.88079436
-0.88123447
-0.8909652
-0.87048138
-0.91597555
-0.87666607
-0.92631544
-0.94264584
-0.89247861
-0.97023669
-0.71674631
-0.89101931
-0.81808732
-0.88010512
-0.66263981
-0.59524867
-0.24636709
-0.33299465
-0.55158801
-0.42663401
-0.44456667
-0.51192862
-0.52197665
-0.22391069
-0.056234376
0.075895447
-0.10062977
-0.22215685
-0.16024476
0.055440378
-0.17077599
-0.21879157
-0.27333309
-0.3338155
-0.39949212
-0.43810617
-0.45918293
-0.53776268
-0.57139018
-0.63924581
-0.65420253
-0.66416273
-0.717241
-0.73385593
-0.74596158
-0.25358184
0.98198454
1.0284982
1.0718984
1.1016939
1.1265287
1.1661599
1.1966227
1.2275478
1.257904
1.2880452
1.3185623
1.3403314
1.4968615
1.4538127
1.4824718
1.5468714
1.5123669
1.5419409
1.6605774
1.6832586
1.5952719
1.6148371
1.6334615
1.569971
0.166442
0.20726666
0.13034784
0.43286017
0.41635078
0.30270469
0.29617467
0.29431243
0.4499836
0.55036409
0.77055866
0.71768396
0.72545881
0.55030582
0.48349449
0.74462567
0.77903875
0.83654692
0.54942
0.86670669
0.9045626
0.94206643
0.98148361
-0.81871535
-0.84086004
-0.90544972
-0.92027305
-0.94051761
-0.94559145
-0.92790505
-0.96016865
-0.92707821
-0.9873858
-0.97599298
-0.986786
-0.95930483
-0.95444747
-0.73914261
-0.95483793
-0.77589689
-0.86810485
-0.72104253
-0.63633484
-0.38672424
-0.33914023
-0.67999133
-0.58578903
-0.38825452
-0.46152608
-0.51422759
-0.52073677
-0.2011075
0.093695072
-0.015667663
-0.064522417
-0.11762312
-0.23109517
-0.13281496
0.034484752
-0.20936468
-0.26121667
-0.31887402
-0.38178677
-0.44850544
-0.46937324
-0.51239811
-0.59145393
-0.61414606
-0.68585968
-0.69138976
-0.72496919
-0.74815973
-0.77934048
-0.79014831
1.0205657
1.0453682
1.0703879
1.1071866
1.1387356
1.1839787
1.2070422
1.2465623
1.2658309
1.3049068
1.313253
1.2546456
1.4673924
1.5116971
1.5103089
1.5366603
0.056499327
0.087302772
0.33451468
0.047626966
0.12706618
0.40160819
0.34597928
0.30344679
0.35894498
0.23249379
0.38583323
0.36532475
0.6448024
-0.85819136
-0.89682505
-0.95879649
-0.97745944
-0.96335716
-0.98193398
-0.98523054
-1.0130134
-1.0006731
-1.0302427
-0.99252515
-1.0357162
-0.96510655
-0.99245733
-0.78653485
-0.91164408
-0.79695219
-0.91542679
-0.69082878
-0.66590487
-0.4076084
-0.31730837
-0.58074364
-0.57535309
-0.40027781
-0.27582503
-0.57451804
-0.47535997
-0.57165161
-0.39438941
-0.33718139
-0.024535386
-0.026618476
-0.089414638
-0.15582398
-0.10721375
-0.2138509
0.052230106
-0.24110217
-0.29379788
-0.35213385
-0.41451086
-0.48051069
-0.51845272
-0.54210339
-0.62557953
-0.66493465
-0.73812222
-0.73670231
-0.76209566
-0.79618388
-0.81966336
-0.83827355
0.09869014
0.1103465
0.24358226
0.37635994
0.3828355
0.35515688
0.28796435
0.32906779
-0.90835267
-0.93237907
-1.0074701
-1.0029143
-1.0151252
-1.0267051
-1.0201551
-1.0192618
-1.0353141
-1.0638195
-1.0655296
-1.0208837
-1.0709207
-0.9748838
-1.0075717
-0.79877006
-0.91462396
-0.84918999
-0.91522687
-0.65909244
-0.6781977
-0.27412228
-0.42713602
-0.51440998
-0.63396257
-0.69146871
-0.59535778
-0.41268555
-0.29609952
-0.069299039
0.045644645
-0.19968586
-0.14805962
-0.15412068
-0.17569147
-0.051887807
0.015459034
-0.28287539
-0.3387073
-0.3985099
-0.46169949
-0.52750027
-0.5490784
-0.59250748
-0.66667419
-0.70062293
-0.75790583
-0.77187989
-0.76299306
-0.76244611
-0.80160587
-0.82460301
-0.81903879
-0.85781695
-0.8760741
0.077196299
-0.94089846
-0.98228889
-1.0419948
-1.0633794
-1.0434698
-1.0513678
-1.0828613
-1.078505
-1.0600654
-1.0549051
-1.0352289
-1.0519857
-1.0742168
-1.0380031
-1.0326424
-0.76753941
-0.7554648
-1.0247885
-1.0261113
-0.87934634
-0.84237752
-0.83209077
-0.72647275
-0.62274413
-0.5996627
-0.15723211
-0.62998477
-0.59998627
0.025958798
0.026351299
0.1170438
0.025435578
-0.37373785
-0.43184544
-0.49497207
-0.56133743
-0.59496867
-0.62050619
-0.69300043
-0.69278096
-0.73826102
-0.81070749
-0.80991906
-0.80663911
-0.79947228
-0.83371138
-0.86665146
-0.86592819
-0.89086569
-0.91847418
-0.98393642
-1.0071284
-1.0553698
-1.0693236
-1.0982733
-1.0906421
-1.0954721
-1.0938918
-1.1084267
-1.1204438
-1.1134733
-1.0968481
-1.1247638
-1.0655193
-1.0573692
-1.0953788
-1.049202
-1.0547846
-0.81530186
-0.739683
-0.95053315
-0.92470289
-0.80691481
-0.82785854
-0.89860627
-0.99013755
-0.65019774
-0.60286832
-0.62844395
-0.66646341
-0.62404054
-0.41636215
-0.47656736
-0.54132973
-0.60326158
-0.62545989
-0.66456243
-0.73059439
-0.73720012
-0.76562095
-0.83090927
-0.83476237
-0.82258539
-0.82079297
-0.8682265
-0.89157181
-0.88794888
-0.92613572
-0.94877785
-1.0091072
-1.0522084
-1.1059885
-1.1129146
-1.1037606
-1.1072593
-1.1128237
-1.1323646
-1.1399577
-1.1324996
-1.1118637
-1.0921358
-1.1345391
-1.1627987
-1.0869197
-1.0787781
-1.117438
-1.0531769
-1.0627393
-0.74227562
-0.69313907
-0.87946818
-1.1316174
-0.88653977
-0.94962789
-0.94896323
-0.74026469
-0.98238069
-0.77747387
-0.51055447
-0.57974281
-0.63474755
-0.66595517
-0.69289803
-0.75292222
-0.75585914
-0.79528221
-0.86650866
-0.86431012
-0.85587258
-0.84967217
-0.89034954
-0.92668003
-0.92676787
-0.95123254
-0.98707896
-1.0465135
-1.0697066
-1.1263582
-1.1250058
-1.1361651
-1.0950848
-1.1345166
-1.1407736
-1.159114
-1.1594931
-1.1267066
-1.1571446
-1.1522427
-1.1605257
-1.1355114
-1.1218573
-1.1274349
-1.0854184
-1.1056868
-1.1228811
-0.96059775
-1.080098
-0.48989331
-0.5602102
-0.61639349
-0.67172726
-0.70103052
-0.72509288
-0.78158169
-0.78719305
-0.81436672
-0.88788083
-0.88201004
-0.87407411
-0.86651402
-0.92342574
-0.9497603
-0.94828994
-0.98660003
-1.0110098
-1.0657931
-1.1013224
-1.1513989
-1.1386969
-1.1391972
-1.1543828
-1.1405787
-1.1521451
-1.1339727
-1.1588443
-1.1711746
-1.1648134
-1.1598877
-1.1612473
-1.15627
-1.1438131
-1.1074984
-1.0808496
-1.1730873
-1.1602766
-0.98668856
-0.59213113
-0.65721794
-0.69694897
-0.72954692
-0.75105104
-0.80591996
-0.80902898
-0.84108864
-0.91865018
-0.91122956
-0.90142537
-0.89092646
-0.94265043
-0.98354123
-0.9798095
-1.0067307
-1.0458202
-1.0977731
-1.128858
-1.1631361
-1.1441107
-1.1474907
-1.1614679
-1.1860989
-1.1776601
-1.1536348
-1.1703483
-1.1986659
-1.2059779
-1.2020774
-1.145192
-1.15578
-1.1461255
-1.1574208
-1.0655731
-1.1189947
-1.1975043
-1.1678764
-1.1926766
-0.62929275
-0.6499689
-0.72271236
-0.75494606
-0.77848426
-0.82566151
-0.83363551
-0.85922618
-0.9361074
-0.9256609
-0.91507657
-0.90327296
-0.9707785
-1.003685
-0.99684526
-1.0378391
-1.0620717
-1.1023085
-1.1372477
-1.1875717
-1.1736566
-1.1720584
-1.1772655
-1.1966954
-1.2064974
-1.1891486
-1.1663858
-1.186581
-1.220701
-1.1773629
-1.2050295
-1.2034167
-1.1866138
-1.1809495
-1.1527136
-1.1759401
-1.033831
-1.0847741
-1.1456398
-0.70063548
-0.71832928
-0.74599188
-0.78405538
-0.77852229
-0.82323208
-0.85349579
-0.88170701
-0.96444108
-0.95150406
-0.93844073
-0.92359234
-0.98608598
-1.0331123
-1.0239028
-1.0542509
-1.0893138
-1.140401
-1.1227009
-1.1814296
-1.1772364
-1.1782821
-1.1864784
-1.2010953
-1.1906892
-1.2046788
-1.1630719
-1.180887
-1.2109702
-1.1883659
-1.207182
-1.2104949
-1.174479
-1.1639292
-1.191795
-1.2532174
-1.1059121
-1.1734643
-1.0817068
-1.1870486
-1.1526071
-0.72352866
-0.75702197
-0.76989728
-0.78860414
-0.82658295
-0.84059586
-0.87254603
-0.87212779
-0.88894008
-0.97408525
-0.96043418
-0.94761725
-0.93160319
-1.0122201
-1.0462047
-1.044828
-1.0805986
-1.1098206
-1.135548
-1.1613248
-1.1716142
-1.1989157
-1.1930591
-1.1928174
-1.2008857
-1.2349014
-1.2050475
-1.1709603
-1.2105368
-1.2170531
-1.1772551
-1.2373326
-1.2093567
-1.2132197
-1.1405452
-1.1815127
-1.1713843
-1.1468176
-1.232495
-0.73541616
-0.75747536
-0.76920867
-0.7939971
-0.81622318
-0.83425816
-0.86291099
-0.88787001
-0.87473216
-0.9132163
-0.99719557
-0.98095626
-0.96651047
-0.9470396
-1.0100158
-1.0687243
-1.0576469
-1.0772432
-1.1244822
-1.1544155
-1.1525508
-1.1778666
-1.2083437
-1.1944638
-1.1976156
-1.2038675
-1.2256282
-1.2128713
-1.2046373
-1.2363622
-1.212595
-1.212154
-1.2664392
-1.2300637
-1.2208626
-1.22878
-1.2187764
-1.2066793
-1.1819273
-1.2014793
-1.1651271
-0.73617146
-0.76603412
-0.78558202
-0.80150051
-0.81749188
-0.8302492
-0.86166677
-0.87400518
-0.90262805
-0.92315108
-0.99859459
-0.98501702
-0.97737734
-0.94769375
-1.0495029
-1.0657731
-1.0429961
-1.1186597
-1.1055927
-1.1541949
-1.1566361
-1.1858918
-1.2294372
-1.206325
-1.2107788
-1.2174406
-1.1961313
-1.2155019
-1.2471864
-1.2719005
-1.190567
-1.2076611
-1.2213133
-1.1981454
-1.2238638
-1.2420607
-1.2298821
-1.2336419
-1.1998969
-1.2556053
-1.1918144
-1.2109785
-0.74982867
-0.76670155
-0.7751292
-0.81660871
-0.82208126
-0.83892349
-0.85690044
-0.86919907
-0.89891732
-0.92798583
-1.0221911
-1.0046957
-0.99418746
-0.97685613
-1.0411715
-1.0714109
-1.0990901
-1.0873075
-1.1428304
-1.1133066
-1.1486105
-1.1697187
-1.1760884
-1.1871761
-1.2296503
-1.2151244
-1.2040493
-1.2331087
-1.2644762
-1.2363751
-1.2391293
-1.2139855
-1.2454982
-1.2144661
-1.1957001
-1.2201393
-1.1742311
-1.239105
-1.2637112
-1.2496667
-1.2406884
-1.2372864
-1.2062645
-1.1876354
-1.1915281
-1.1922289
-0.77456818
-0.79275219
-0.8134269
-0.82388789
-0.83476485
-0.86662959
-0.88520375
-0.92295299
-0.90269229
-1.0178702
-0.99766237
-0.97309179
-0.95218913
-0.9824399
-1.0504119
-1.0595064
-1.0962167
-1.0906868
-1.126716
-1.1195735
-1.1551793
-1.1679297
-1.1745564
-1.1981919
-1.2249488
-1.214266
-1.2309582
-1.2240244
-1.2307923
-1.2398646
-1.2466248
-1.2234012
-1.2487115
-1.1987094
-1.2341619
-1.2370919
-1.2427156
-1.2413897
-1.2267142
-1.2403243
-1.2461615
-1.2488959
-1.2036638
-1.2108872
-1.2114861
-0.76421041
-0.78443831
-0.8022014
-0.7975396
-0.80596689
-0.84856262
-0.86144455
-0.88074115
-0.90595004
-0.93824231
-0.95779819
-1.0339245
-1.0210915
-1.0001178
-0.97395029
-0.97731747
-0.9814648
-1.0466489
-1.0587103
-1.1094478
-1.0972941
-1.1296958
-1.1200237
-1.1616327
-1.1773263
-1.1872692
-1.1853937
-1.2234739
-1.1884301
-1.2207594
-1.2500755
-1.195888
-1.2273096
-1.2502744
-1.2518002
-1.2350881
-1.2477996
-1.1694209
-1.2606455
-1.2395207
-1.2501104
-1.2408419
-1.2475424
-1.2380413
-1.262675
-1.247397
-1.2482929
-1.2202852
-0.77671554
-0.78997058
-0.8048007
-0.82584559
-0.83998044
-0.84151608
-0.86505676
-0.88254621
-0.90294263
-0.91692554
-0.94262566
-1.0290499
-1.0134442
-1.0094802
-0.95099994
-0.97066675
-0.97729874
-1.0625081
-1.0755933
-1.1055352
-1.0926948
-1.1448148
-1.1329524
-1.1604284
-1.1827008
-1.1719321
-1.2165134
-1.2443091
-1.2386135
-1.2309119
-1.2285907
-1.2234987
-1.2424269
-1.2431953
-1.2645505
-1.2398258
-1.2386242
-1.2562181
-1.2325066
-1.202063
-1.2191472
-1.2337037
-1.2416013
-1.2363328
-1.2392144
-1.2459544
-1.2323784
-1.2498858
-1.2139823
-0.77069852
-0.78217302
-0.7967429
-0.81810692
-0.82345014
-0.84241492
-0.85387756
-0.88499426
-0.89854514
-0.91129486
-0.9374594
-1.0453603
-1.0291868
-1.0135071
-0.94473644
-0.97528189
-0.98767309
-1.0560761
-1.0715975
-1.1164172
-1.1038478
-1.1546413
-1.1221797
-1.1672586
-1.199082
-1.1861258
-1.2098475
-1.2404118
-1.2076222
-1.2240887
-1.2288183
-1.2275056
-1.2407593
-1.2464082
-1.2510553
-1.2717636
-1.2477901
-1.2630933
-1.2180097
-1.2179183
-1.2102601
-1.1473663
-1.2410366
-1.2625194
-1.237048
-1.2173279
-1.2700317
-1.241129
-0.77470471
-0.78688741
-0.80074451
-0.8194636
-0.83477327
-0.86653425
-0.88159999
-0.9009648
-0.91588298
-0.93151817
-1.0384672
-1.0334071
-1.0085058
-0.95176125
-0.96355854
-0.97624952
-1.0691021
-1.0843936
-1.1101451
-1.0950475
-1.154613
-1.149672
-1.1591679
-1.195358
-1.1812727
-1.2067763
-1.2491401
-1.2079432
-1.2290701
-1.2354258
-1.2388091
-1.2443139
-1.2571639
-1.2179788
-1.291869
-1.2781019
-1.235292
-1.2552645
-1.3395009
-1.2568223
-1.2752345
-1.2642879
-1.2926953
-1.2779688
-1.2703048
-1.2708327
-0.780081
-0.79355609
-0.81024233
-0.82685358
-0.84061238
-0.86629662
-0.88265569
-0.85849273
-0.88997185
-0.91016391
-0.9371108
-1.0495582
-1.03986
-1.0226952
-0.9453306
-0.97203879
-0.99550108
-1.0604007
-1.0771402
-1.1247958
-1.1079117
-1.1284371
-1.1480056
-1.1690743
-1.1800233
-1.2014766
-1.190189
-1.2075434
-1.2447546
-1.2154012
-1.2249726
-1.2204018
-1.2473656
-1.2448044
-1.2378242
-1.2747262
-1.2467826
-1.25654
-1.2668239
-1.2240682
-1.2582618
-1.2567675
-1.2475245
-1.2634365
-1.261366
-1.2686845
-0.78190624
-0.79571448
-0.81206756
-0.83233454
-0.85687006
-0.85905412
-0.88669279
-0.90269557
-0.91671385
-0.93006099
-1.0396289
-1.0135627
-0.99531814
-1.0295414
-0.95126589
-0.96394237
-0.98361705
-1.0147374
-1.0748956
-1.089724
-1.1099031
-1.0975003
-1.1686923
-1.137759
-1.1424749
-1.1710016
-1.205128
-1.1770367
-1.2122634
-1.2566804
-1.2132923
-1.2364266
-1.2474124
-1.2394237
-1.2477589
-1.2768369
-1.265438
-1.2419145
-1.2306629
-1.2632464
-1.2899758
-1.2783838
-1.2650774
-1.2643123
-1.2733288
-0.77688045
-0.78898714
-0.80356066
-0.81726878
-0.84406161
-0.83956314
-0.84724612
-0.87921321
-0.89122606
-0.90895018
-0.93662192
-1.0565317
-1.0423338
-1.0168437
-1.0217956
-0.94235547
-0.96642938
-0.98071118
-0.99410574
-1.0716051
-1.0816655
-1.1314124
-1.1098544
-1.1650562
-1.1359533
-1.1138513
-1.1815207
-1.2015887
-1.2033369
-1.2020559
-1.2626035
-1.2246946
-1.2417144
-1.2444896
-1.26917
-1.2300754
-1.2115419
-1.2959646
-1.2808236
-1.2749287
-1.2677387
-1.2802831
-1.2536097
-1.2509291
-1.2681321
-1.2623836
-0.77528946
-0.78957851
-0.80395018
-0.81919347
-0.83540193
-0.85994566
-0.86791902
-0.88416481
-0.89750369
-0.91540497
-0.933807
-1.0427844
-1.0401815
-1.0196917
-1.016974
-0.94411485
-0.95805657
-0.97384728
-0.98609173
-1.0786955
-1.0924251
-1.1200713
-1.1494551
-1.100762
-1.1722889
-1.1553159
-1.150652
-1.1729632
-1.1771268
-1.1938155
-1.2208765
-1.2197671
-1.2533726
-1.2109317
-1.2310791
-1.2353163
-1.2354029
-1.2667713
-1.261556
-1.2579527
-1.2712712
-1.2673933
-1.2578555
-1.2683306
-1.2475938
-1.2506497
-1.2705662
-0.78140637
-0.76372832
-0.79700112
-0.81295365
-0.83625998
-0.82124767
-0.84394933
-0.85615015
-0.87818727
-0.88805325
-0.9015274
-0.93763808
-1.0673209
-1.0480051
-1.0165601
-1.0261187
-0.92576643
-0.96089132
-0.98045069
-1.000584
-1.0569475
-1.0809427
-1.1195294
-1.1281774
-1.1093727
-1.1652625
-1.1509392
-1.1459804
-1.1849682
-1.2144835
-1.191798
-1.1952853
-1.2133434
-1.2287473
-1.2345872
-1.2093194
-1.230521
-1.2348504
-1.250958
-1.2844978
-1.2664613
-1.272049
-1.2710881
-1.2671926
-1.2608851
-1.2702691
-0.78638768
-0.77865502
-0.79736957
-0.80806931
-0.82188214
-0.83908288
-0.85077589
-0.87663869
-0.87845706
-0.89287605
-0.91276795
-0.91778939
-1.0548157
-1.0780459
-1.0377159
-0.99672262
-1.0196873
-0.95224267
-0.94505111
-0.96545048
-0.99897054
-1.0144663
-1.082245
-1.0959065
-1.1143202
-1.1238325
-1.1013608
-1.1741619
-1.1578192
-1.152187
-1.1783137
-1.2083418
-1.1888619
-1.1932189
-1.2246766
-1.2733122
-1.2543074
-1.2323355
-1.2489009
-1.2482279
-1.2438965
-1.2530343
-1.2518341
-1.2586158
-1.2545195
-1.258578
-0.78351195
-0.79244341
-0.80355751
-0.81580875
-0.82878914
-0.84694812
-0.86599536
-0.87753362
-0.88512423
-0.90153313
-0.91988848
-0.93464492
-1.0562727
-1.0620262
-1.0429594
-1.0183245
-1.0310741
-0.96537043
-0.96490856
-0.9776898
-0.99642689
-0.99582119
-1.078258
-1.0873658
-1.1221546
-1.1333647
-1.1111907
-1.1696799
-1.1526721
-1.1418342
-1.1832524
-1.2144428
-1.1944829
-1.2008126
-1.223431
-1.261875
-1.2248004
-1.2253115
-1.2371915
-1.2377659
-1.2428225
-1.2530902
-1.255417
-1.2614869
-0.77971241
-0.79240357
-0.80235346
-0.81409145
-0.82714407
-0.84108982
-0.85324084
-0.85319619
-0.85743724
-0.87251743
-0.8857091
-0.90186977
-0.91728889
-0.92888885
-1.0497843
-1.0566698
-1.0368675
-1.0071447
-1.0267921
-0.94706435
-0.95623973
-0.97051696
-0.98299743
-0.98615138
-0.98166781
-1.083
-1.0953537
-1.110158
-1.13529
-1.1078443
-1.1762438
-1.1584563
-1.1481652
-1.1794587
-1.2058511
-1.1919823
-1.196876
-1.2189007
-1.2286776
-1.2131589
-0.77000251
-0.78810454
-0.79817686
-0.80837801
-0.81970065
-0.83605788
-0.84848806
-0.86669758
-0.85983396
-0.8748411
-0.88492698
-0.89222857
-0.90879612
-0.92775795
-0.93912114
-1.0555459
-1.0644929
-1.0408463
-1.0211241
-1.0289756
-0.95727774
-0.97135743
-0.98262408
-1.006599
-0.99677842
-1.069189
-1.0881079
-1.1258078
-1.1353827
-1.1110382
-1.1788354
-1.1327714
-1.1381725
-1.183335
-1.2188551
-1.1978497
-1.2050514
-1.1700729
-0.78023547
-0.78348142
-0.78954332
-0.79899693
-0.80734531
-0.82032732
-0.83216621
-0.84641271
-0.87424612
-0.85807834
-0.87639256
-0.88734785
-0.89722973
-0.91085032
-0.9276724
-0.94026978
-1.0514959
-1.0589477
-1.0284684
-1.0145222
-1.0308858
-1.0123567
-0.94940733
-0.96337389
-0.97692184
-0.98932015
-0.99539536
-1.0828155
-1.0979327
-1.1141787
-1.1407353
-1.1118147
-1.0889037
-1.1769482
-1.1482162
-1.1548297
-1.170244
-1.2179996
-1.2645499
-1.1559579
-1.1919974
-0.77064094
-0.77591632
-0.78909267
-0.7820098
-0.79325964
-0.80591728
-0.81259649
-0.82949255
-0.82480542
-0.84005405
-0.85287777
-0.8711553
-0.86521512
-0.88387255
-0.89085112
-0.90550227
-0.91784189
-0.93846684
-1.0554401
-1.066811
-1.0472197
-1.0102185
-1.0176781
-1.0339961
-0.94999488
-0.96535551
-0.9795657
-0.99324402
-1.0072329
-1.0760642
-1.0987815
-1.0793564
-1.1086679
-1.1201491
-1.1264684
-1.1415163
-1.1115222
-1.1526971
-1.1653242
-1.1897444
-1.1469686
-1.1945501
-1.2323269
-0.77336933
-0.78023712
-0.78997133
-0.79459747
-0.80153489
-0.81041824
-0.81954921
-0.83203753
-0.8417152
-0.8528263
-0.87760426
-0.8647294
-0.88059805
-0.90140145
-0.9047393
-0.92057087
-0.93627057
-1.0409215
-1.0587436
-1.0392096
-1.0559118
-1.0153541
-1.0283306
-0.94291377
-0.95545988
-0.97457515
-0.98830967
-1.0065488
-1.0036494
-1.075567
-1.0823041
-1.0961054
-1.0983412
-1.1099349
-1.1268869
-1.1377322
-1.1065549
-1.188444
-1.1850998
-1.1496577
-1.166423
-1.146955
-1.1863704
-0.77542536
-0.77520397
-0.78830998
-0.79023249
-0.7988338
-0.81479991
-0.81652107
-0.82608426
-0.83807522
-0.846783
-0.85883278
-0.87740755
-0.87281775
-0.88725495
-0.89488617
-0.89149806
-0.91341682
-0.93191569
-0.92459964
-1.0585396
-1.0672964
-1.0381193
-1.0433426
-1.0170197
-1.0288423
-0.94757225
-0.95920752
-0.97402137
-0.98602576
-0.99221783
-0.99667187
-1.0137755
-1.0713477
-1.0786415
-1.0914639
-1.095807
-1.123417
-1.1261922
-1.1387507
-1.1125242
-1.1694931
-1.1766934
-1.1472604
-1.1697512
-1.1411784
-0.77047265
-0.77963416
-0.78565383
-0.79505223
-0.80229045
-0.80929382
-0.81708753
-0.82622212
-0.83784881
-0.8463498
-0.85732312
-0.8836766
-0.87413764
-0.88763217
-0.90399755
-0.89581731
-0.91415713
-0.92393065
-0.93688892
-1.0498892
-1.0650318
-1.032956
-1.0398282
-1.0245281
-0.94191593
-0.9542949
-0.96857855
-0.96558984
-0.97746289
-0.99313092
-1.0111553
-1.0039021
-1.0178938
-1.0751279
-1.0828616
-1.0942313
-1.1010071
-1.1173424
-1.1356078
-1.1122733
-1.1310776
-1.1077999
-1.1626778
-1.1531825
-1.161698
-1.1471491
-0.76710347
-0.78195621
-0.7840052
-0.79863011
-0.80911392
-0.81260474
-0.8226472
-0.83209856
-0.83156366
-0.84233527
-0.85274138
-0.86365778
-0.85224331
-0.88363974
-0.86709889
-0.87885534
-0.89404936
-0.9103557
-0.89629998
-0.9193985
-0.9304386
-1.0592147
-1.0658034
-1.0367611
-1.0452556
-1.0279613
-0.9427856
-0.95358626
-0.96324399
-0.97483728
-0.9824446
-0.99444554
-1.0195781
-1.0021971
-1.0090348
-1.0215973
-1.0679582
-1.0781163
-1.0896712
-1.0968506
-1.1147645
-1.1210386
-1.1340445
-1.1418187
-1.1090654
-1.1473042
-1.1398639
-0.77277784
-0.77736439
-0.79059003
-0.79699044
-0.80299907
-0.81466133
-0.82215638
-0.82843085
-0.83525879
-0.84220486
-0.84852675
-0.86561487
-0.8586566
-0.85409957
-0.88749415
-0.87201286
-0.88302091
-0.89145009
-0.91038177
-0.9026918
-0.92021279
-0.93116238
-1.0536505
-1.0680447
-1.0534369
-1.0316233
-1.0408562
-0.93519081
-0.94973573
-0.95999711
-0.97123402
-0.96812472
-0.97996684
-0.99320805
-0.98822095
-0.9996347
-1.0106359
-1.0074383
-1.021581
-1.0288915
-1.0771323
-1.08387
-1.0933857
-1.1001703
-1.1124903
-1.1208928
-1.1280578
-1.1323223
-1.1046052
-0.76976154
-0.78122689
-0.78510609
-0.79213462
-0.80100544
-0.80733299
-0.81053312
-0.8184781
-0.82567478
-0.83289211
-0.83857752
-0.8456454
-0.85215877
-0.86503577
-0.85847384
-0.89023739
-0.86911523
-0.87495282
-0.87841101
-0.88611777
-0.89892443
-0.91526695
-0.9038376
-0.92618997
-1.0518127
-1.0579988
-1.0698726
-1.0359569
-1.0430731
-0.93475915
-0.9516365
-0.95890428
-0.96621764
-0.97437203
-0.98034762
-0.98501119
-1.0159654
-1.0220089
-1.0302856
-1.0676731
-1.0770357
-1.0876568
-1.0960748
-0.76811136
-0.77335464
-0.77665817
-0.78288383
-0.78868857
-0.79489462
-0.79959372
-0.80430923
-0.81274654
-0.81960039
-0.82590432
-0.83287534
-0.83905312
-0.84545733
-0.85205164
-0.86126281
-0.85598062
-0.8944908
-0.87190806
-0.87658133
-0.88151378
-0.88820026
-0.90192671
-0.91747349
-0.90795632
-0.92733892
-1.048461
-1.0566575
-1.064489
-1.0385442
-0.93276442
-0.94311211
-0.94273849
-0.95495545
-0.96406624
-0.97099437
-0.97546334
-0.77016206
-0.77880167
-0.78340022
-0.78773176
-0.79136426
-0.80254907
-0.80669272
-0.80956592
-0.81590286
-0.82303416
-0.82970149
-0.83592678
-0.8422666
-0.84856825
-0.86006301
-0.85560237
-0.89663065
-0.8944863
-0.8701318
-0.87375642
-0.87933967
-0.88419247
-0.89070091
-0.90338338
-0.92304461
-0.91209166
-0.93137882
-0.93566212
-0.94672608
-0.76782356
-0.7739565
-0.7758905
-0.78061947
-0.78831989
-0.7962351
-0.79920025
-0.80377211
-0.81124898
-0.81701414
-0.82295364
-0.8317063
-0.83653938
-0.84266762
-0.84846548
-0.86017961
-0.86040269
-0.85131248
-0.90054071
-0.89751427
-0.90680083
-0.92496665
-0.91336381
-0.92751524
-0.76589274
-0.77138058
-0.77742685
-0.78216725
-0.78558551
-0.78968476
-0.79435057
-0.80129594
-0.80575283
-0.80908802
-0.81343248
-0.81936089
-0.82452055
-0.82873184
-0.83501871
-0.83942655
-0.84543842
-0.86109027
-0.85102309
-0.902565
-0.90919419
-0.91882553
-0.91740936
-0.76734112
-0.76803916
-0.77217958
-0.77437511
-0.77950512
-0.78570364
-0.79345872
-0.79576064
-0.79860336
-0.80334263
-0.80895056
-0.81664399
-0.82106265
-0.82552689
-0.82783388
-0.83378274
-0.8409823
-0.84612786
-0.84925772
-0.84655631
-0.76489566
-0.76945662
-0.77134024
-0.77618014
-0.78058026
-0.7828119
-0.78710862
-0.79106292
-0.79488775
-0.80072292
-0.80431283
-0.80632573
-0.80970477
-0.81533578
-0.81858286
-0.82292098
-0.82713668
-0.8291075
-0.83394306
-0.83824486
-0.84243857
-0.76310524
-0.76651688
-0.76899517
-0.77341259
-0.77467095
-0.77796827
-0.78329386
-0.78632746
-0.79309789
-0.79671697
-0.79914951
-0.80238794
-0.80843383
-0.81290619
-0.81428493
-0.81908955
-0.82368779
-0.8283356
-0.83211363
-0.83456965
-0.76408833
-0.76896757
-0.77069198
-0.77567658
-0.77886666
-0.78062669
-0.7850427
-0.78659384
-0.79309769
-0.7951818
-0.80003349
-0.80425103
-0.80637593
-0.80983677
-0.81353698
-0.81693796
-0.82081209
-0.82454188
-0.82968452
-0.76268224
-0.76460947
-0.76508636
-0.76800248
-0.77240472
-0.77697532
-0.77373026
-0.78105007
-0.78430161
-0.79228545
-0.79161447
-0.79598484
-0.79824308
-0.80439344
-0.76111776
-0.76318451
-0.76840455
-0.76748861
-0.77213083
-0.77749029
-0.77420828
-0.77861683
-0.78206388
-0.78388418
-0.79199775
-0.79172843
-0.79494865
-0.80054253
-0.76216736
-0.76486467
-0.76705966
-0.77022603
-0.77158198
-0.77553952
-0.77325518
-0.77879954
-0.78232291
-0.78912564
-0.78844153
-0.79095907
-0.79339892
-0.80425013
-0.76082232
-0.76260227
-0.76615643
-0.77138499
-0.77076889
-0.77578604
-0.77342234
-0.77738875
-0.77602026
-0.77799237
-0.7922666
-0.78846697
-0.78991551
-0.79265361
-0.78993112
-0.75942434
-0.76215974
-0.76516504
-0.76558982
-0.76530395
-0.76879388
-0.77112267
-0.77477853
-0.77318044
-0.76200286
-0.76589373
-0.76608495
-0.76899498
-0.7690879
-0.77162999
-0.75961241
-0.76035641
-0.7590585
-0.76321547
-0.76451169
-0.76768894
-0.76940013
-0.75919989
-0.75925965
-0.76348886
-0.76355963
-0.76526476
-0.76795876
-0.76858085
-0.75836429
-0.76112161
-0.76236211
-0.764122
-0.76503671
-0.76665692
-0.7569669
-0.75966811
-0.76291128
-0.76287688
-0.75579736
-0.75845009
-0.76033151
-0.76145013
-0.75579053
-0.75808777
-0.75940573
-0.75722447
-0.75824951
-0.75688084
-0.75784461
-0.75664727
-0.7560533
-0.7580509
-0.75636895
-0.7541537
-0.75453754
)
;

boundaryField
{
    inlet
    {
        type            zeroGradient;
    }
    outlet
    {
        type            fixedValue;
        value           nonuniform List<scalar> 0();
    }
    top
    {
        type            zeroGradient;
    }
    bottom
    {
        type            zeroGradient;
    }
    cylinder
    {
        type            zeroGradient;
    }
    jet1
    {
        type            zeroGradient;
    }
    jet2
    {
        type            zeroGradient;
    }
    frontAndBack
    {
        type            empty;
    }
    procBoundary0to1
    {
        type            processor;
        value           nonuniform List<scalar> 
96
(
0.3355402
0.35677453
0.35677453
0.32820238
0.31036731
0.28219726
0.2601136
0.2226476
0.19961274
0.15065121
0.12498789
0.068747765
0.040301299
-0.008986291
-0.061206088
-0.092355856
0.057533067
-0.14744249
-0.14744249
0.08527352
0.042943124
0.08527352
-0.1855531
0.005678994
-0.1941487
-0.036295716
-0.21412255
-0.067478171
-0.25346145
-0.12782565
-0.23545648
-0.16393724
-0.23209423
-0.25186799
-0.31533659
-0.36272199
-0.25644845
-0.44805156
-0.44805156
-0.25445852
-0.52165524
-0.56503061
-0.26047123
-0.64710567
-0.25880013
-0.69963467
-0.71828585
-0.26013193
-0.75757866
-0.75790084
-0.26124364
-0.77137572
-0.26137884
-0.76814092
-0.26202534
-0.76848275
-0.26318293
-0.77772466
-0.26194276
-0.26135304
-0.76722164
-0.26135304
-0.77083613
-0.25934943
-0.76912797
-0.26031507
-0.76791831
-0.76767452
-0.25959162
-0.76439002
-0.25857169
-0.76502082
-0.76502082
-0.25761309
-0.76365521
-0.25757495
-0.76142419
-0.25601727
-0.76129072
-0.76129072
-0.75945554
-0.25551212
-0.75853876
-0.25557185
-0.75800236
-0.25453499
-0.25363853
-0.75800236
-0.25385319
-0.75812567
-0.25307002
-0.75886756
-0.75572454
-0.75326865
-0.74997696
-0.75495678
)
;
    }
}


// ************************************************************************* //
