/*--------------------------------*- C++ -*----------------------------------*\
| =========                 |                                                 |
| \\      /  F ield         | OpenFOAM: The Open Source CFD Toolbox           |
|  \\    /   O peration     | Version:  2112                                  |
|   \\  /    A nd           | Website:  www.openfoam.com                      |
|    \\/     M anipulation  |                                                 |
\*---------------------------------------------------------------------------*/
FoamFile
{
    version     2.0;
    format      ascii;
    arch        "LSB;label=32;scalar=64";
    class       labelList;
    location    "constant/polyMesh";
    object      pointProcAddressing;
}
// * * * * * * * * * * * * * * * * * * * * * * * * * * * * * * * * * * * * * //


8556
(
31
32
33
34
35
36
37
38
39
40
41
42
43
44
45
46
47
48
49
50
51
52
53
54
55
56
57
58
59
60
61
62
63
64
65
66
67
68
69
70
71
72
73
74
75
76
77
78
79
80
81
82
83
84
85
86
87
88
89
90
91
92
93
94
95
96
97
98
99
100
101
102
103
104
105
106
107
108
109
110
111
112
113
114
115
116
117
118
119
120
121
122
123
124
125
126
127
128
129
130
131
132
133
134
135
136
137
138
139
140
141
142
143
144
145
146
147
148
149
150
151
152
153
154
155
156
157
158
159
160
161
162
163
164
165
166
167
168
169
170
171
172
173
174
175
176
177
178
179
180
181
182
183
184
185
186
187
188
189
190
191
192
193
194
195
196
197
198
199
200
201
202
203
204
205
206
207
208
209
210
211
212
213
214
215
216
217
218
219
220
221
222
223
224
225
226
227
228
229
230
231
232
233
234
235
236
237
238
239
240
241
242
243
244
245
246
335
336
337
338
339
340
341
342
343
344
345
346
347
348
349
350
351
352
353
354
355
356
357
358
359
360
361
362
363
364
365
366
367
368
369
370
371
372
373
374
375
376
377
378
379
380
381
382
383
384
385
386
387
388
389
390
391
392
393
394
395
396
397
398
399
400
401
402
403
404
405
406
407
408
409
410
411
412
413
414
415
416
417
418
419
420
421
422
423
424
425
426
427
428
429
430
431
432
433
434
435
436
437
438
439
440
441
442
443
444
445
446
447
448
449
450
451
452
453
454
455
456
457
458
459
460
461
462
463
464
465
466
467
468
469
470
471
472
473
474
475
476
883
884
923
924
925
926
927
928
929
930
931
932
933
934
935
936
937
938
939
940
941
942
943
944
945
946
947
948
949
950
951
952
953
954
955
956
957
958
959
960
961
962
963
964
965
966
967
968
969
970
971
972
973
974
975
976
977
978
979
980
981
982
983
984
985
986
987
988
989
990
991
992
993
994
995
996
997
998
999
1000
1001
1002
1006
1007
1008
1009
1010
1011
1012
1013
1014
1015
1016
1017
1018
1019
1020
1021
1022
1023
1024
1025
1026
1027
1028
1029
1030
1031
1032
1033
1034
1035
1036
1037
1038
1039
1040
1041
1042
1043
1044
1045
1046
1047
1048
1049
1050
1051
1052
1053
1054
1055
1056
1057
1058
1059
1060
1061
1062
1063
1064
1065
1066
1067
1068
1069
1070
1071
1072
1073
1074
1075
1076
1077
1078
1079
1080
1081
1082
1083
1084
1085
1086
1087
1088
1089
1090
1091
1092
1093
1094
1095
1096
1097
1098
1099
1100
1101
1102
1103
1104
1105
1106
1107
1108
1109
1110
1111
1112
1113
1114
1115
1116
1117
1118
1119
1120
1121
1122
1123
1124
1125
1126
1127
1128
1129
1130
1131
1132
1133
1134
1139
1140
1141
1142
1143
1144
1145
1146
1147
1148
1149
1150
1151
1152
1153
1154
1155
1156
1157
1158
1159
1160
1161
1162
1163
1169
1170
1171
1172
1173
1174
1175
1176
1177
1178
1179
1180
1181
1182
1183
1184
1185
1186
1187
1188
1189
1190
1191
1192
1193
1194
1196
1197
1198
1199
1200
1201
1202
1203
1204
1205
1206
1207
1208
1209
1210
1211
1212
1213
1214
1215
1216
1217
1218
1219
1221
1222
1223
1224
1225
1226
1227
1228
1229
1230
1231
1232
1233
1234
1235
1236
1237
1238
1239
1240
1241
1242
1249
1250
1251
1252
1253
1254
1255
1256
1257
1258
1259
1260
1261
1262
1263
1264
1265
1266
1267
1268
1269
1270
1271
1272
1273
1274
1275
1276
1277
1278
1279
1280
1281
1282
1283
1284
1285
1286
1287
1288
1289
1290
1291
1292
1293
1294
1295
1296
1297
1298
1299
1300
1301
1302
1303
1304
1305
1306
1307
1308
1309
1310
1311
1312
1313
1314
1315
1316
1317
1318
1319
1320
1321
1322
1323
1324
1325
1326
1327
1328
1329
1330
1331
1332
1333
1334
1335
1336
1337
1338
1339
1340
1341
1342
1343
1344
1345
1346
1347
1348
1349
1353
1354
1355
1356
1357
1358
1359
1360
1361
1362
1364
1365
1366
1367
1368
1369
1370
1371
1372
1380
1381
1382
1383
1384
1385
1386
1387
1388
1389
1390
1391
1392
1393
1394
1395
1396
1397
1398
1399
1400
1401
1402
1403
1404
1405
1406
1407
1408
1409
1410
1411
1412
1413
1414
1415
1416
1417
1418
1419
1420
1421
1422
1423
1424
1425
1426
1427
1428
1429
1430
1431
1432
1434
1435
1436
1437
1438
1439
1440
1441
1442
1443
1444
1445
1446
1447
1448
1449
1450
1451
1452
1453
1454
1455
1456
1457
1458
1459
1460
1461
1462
1463
1464
1465
1466
1467
1468
1469
1470
1471
1472
1473
1474
1475
1476
1477
1478
1479
1480
1481
1482
1483
1484
1485
1486
1487
1488
1489
1490
1491
1492
1493
1494
1495
1496
1497
1498
1499
1500
1501
1502
1503
1504
1505
1506
1507
1508
1509
1510
1512
1513
1514
1515
1516
1517
1518
1527
1528
1529
1530
1531
1532
1533
1534
1535
1536
1537
1538
1539
1540
1541
1542
1543
1544
1545
1546
1547
1548
1549
1550
1551
1552
1553
1554
1555
1556
1557
1558
1559
1560
1561
1562
1563
1564
1565
1566
1567
1568
1569
1570
1571
1572
1573
1574
1575
1576
1577
1578
1579
1580
1581
1582
1583
1584
1585
1596
1597
1598
1599
1600
1601
1602
1603
1604
1605
1606
1607
1608
1609
1610
1611
1612
1613
1614
1615
1616
1617
1618
1619
1620
1621
1622
1623
1624
1625
1626
1627
1628
1629
1630
1631
1632
1633
1634
1635
1636
1637
1638
1639
1640
1642
1643
1644
1645
1646
1647
1648
1649
1650
1651
1652
1653
1654
1655
1656
1657
1658
1659
1660
1661
1662
1663
1664
1665
1666
1667
1668
1669
1670
1671
1672
1673
1674
1675
1676
1677
1678
1679
1680
1681
1682
1683
1686
1687
1688
1689
1690
1691
1692
1693
1694
1695
1696
1697
1698
1699
1700
1701
1702
1703
1704
1705
1706
1707
1708
1709
1710
1711
1712
1713
1714
1715
1716
1717
1718
1719
1720
1721
1722
1724
1725
1726
1727
1728
1729
1730
1731
1733
1734
1735
1736
1737
1738
1739
1740
1741
1742
1743
1744
1745
1746
1747
1748
1749
1750
1751
1752
1753
1754
1755
1756
1757
1758
1759
1760
1761
1762
1763
1764
1765
1766
1767
1768
1769
1770
1771
1772
1773
1774
1775
1776
1777
1778
1779
1780
1781
1782
1783
1784
1785
1786
1787
1788
1789
1790
1791
1792
1793
1794
1795
1796
1797
1798
1799
1800
1801
1802
1803
1804
1805
1806
1807
1808
1810
1811
1812
1813
1814
1815
1816
1818
1819
1820
1821
1822
1823
1824
1825
1826
1827
1828
1829
1830
1831
1832
1833
1839
1840
1843
1844
1845
1846
1847
1848
1849
1850
1851
1852
1853
1854
1855
1856
1857
1858
1859
1871
1872
1873
1874
1875
1876
1877
1878
1879
1880
1881
1882
1883
1884
1885
1886
1887
1888
1889
1890
1891
1892
1893
1894
1895
1896
1897
1898
1899
1900
1901
1902
1903
1904
1905
1906
1907
1908
1909
1910
1911
1912
1913
1914
1915
1916
1917
1918
1919
1920
1921
1922
1923
1924
1925
1926
1927
1928
1929
1930
1931
1932
1933
1934
1935
1936
1937
1938
1939
1940
1941
1942
1943
1944
1945
1949
1950
1951
1952
1953
1954
1955
1956
1957
1958
1959
1960
1961
1964
1965
1966
1967
1968
1969
1970
1971
1972
1973
1974
1975
1977
1978
1979
1980
1981
1982
1983
1984
1985
1986
1987
1988
1989
1990
1991
1992
1993
1994
1995
1996
1997
1998
1999
2000
2001
2002
2003
2004
2005
2006
2007
2008
2009
2010
2011
2012
2013
2014
2015
2016
2017
2018
2019
2021
2022
2023
2024
2025
2026
2027
2028
2029
2030
2031
2032
2033
2034
2035
2037
2038
2039
2040
2041
2042
2043
2044
2045
2058
2059
2060
2061
2062
2063
2064
2065
2066
2067
2075
2076
2077
2078
2079
2081
2082
2083
2084
2085
2086
2087
2088
2089
2090
2091
2092
2093
2094
2095
2096
2097
2098
2099
2100
2101
2102
2103
2104
2105
2106
2110
2111
2112
2113
2114
2115
2116
2117
2118
2119
2120
2121
2122
2124
2125
2126
2127
2128
2129
2130
2131
2132
2133
2134
2135
2136
2137
2138
2165
2166
2167
2168
2169
2170
2171
2172
2173
2174
2175
2176
2178
2179
2180
2181
2182
2183
2184
2185
2186
2187
2188
2189
2190
2191
2192
2193
2194
2195
2196
2197
2198
2199
2200
2201
2202
2203
2204
2205
2206
2207
2208
2209
2210
2211
2212
2213
2214
2215
2216
2217
2218
2219
2220
2221
2222
2223
2224
2227
2228
2229
2230
2231
2232
2233
2234
2239
2240
2241
2242
2243
2244
2245
2246
2247
2248
2249
2250
2251
2252
2253
2254
2255
2256
2258
2259
2260
2261
2262
2263
2264
2265
2266
2267
2268
2272
2273
2274
2275
2276
2277
2278
2279
2280
2281
2282
2283
2284
2285
2286
2287
2288
2289
2290
2291
2292
2293
2294
2295
2296
2297
2298
2299
2300
2301
2303
2304
2305
2307
2308
2309
2310
2311
2312
2321
2322
2323
2324
2329
2343
2344
2346
2347
2348
2349
2350
2351
2352
2353
2354
2355
2356
2357
2358
2359
2360
2361
2362
2363
2364
2365
2366
2367
2368
2369
2370
2371
2372
2373
2374
2375
2376
2377
2378
2379
2380
2382
2383
2384
2386
2387
2388
2389
2390
2391
2392
2393
2394
2395
2396
2397
2398
2399
2400
2401
2402
2403
2405
2406
2407
2408
2409
2410
2411
2412
2413
2414
2415
2416
2417
2418
2419
2420
2421
2422
2447
2448
2449
2450
2451
2453
2454
2455
2456
2457
2458
2459
2460
2464
2466
2467
2468
2474
2475
2476
2477
2478
2479
2480
2481
2482
2484
2485
2486
2487
2488
2489
2490
2491
2492
2493
2494
2495
2499
2500
2501
2502
2503
2504
2505
2506
2507
2508
2509
2510
2512
2513
2514
2515
2516
2517
2518
2519
2520
2521
2522
2523
2524
2525
2526
2527
2529
2530
2531
2532
2535
2536
2537
2538
2539
2540
2541
2542
2543
2544
2545
2546
2547
2548
2549
2550
2551
2552
2553
2554
2580
2581
2582
2583
2584
2585
2586
2588
2589
2590
2591
2592
2593
2594
2595
2596
2599
2600
2601
2602
2603
2604
2605
2606
2607
2608
2609
2610
2611
2614
2617
2618
2619
2620
2621
2622
2623
2624
2626
2627
2628
2630
2631
2633
2634
2635
2636
2637
2638
2639
2640
2641
2642
2643
2644
2645
2646
2647
2648
2650
2655
2670
2671
2672
2675
2676
2677
2678
2679
2680
2681
2682
2683
2685
2686
2687
2688
2689
2693
2694
2695
2696
2699
2700
2701
2706
2712
2714
2715
2716
2717
2718
2719
2720
2721
2722
2723
2724
2725
2726
2732
2733
2734
2735
2736
2737
2738
2739
2740
2741
2742
2743
2744
2745
2746
2747
2749
2750
2751
2752
2753
2754
2756
2757
2759
2760
2761
2762
2763
2770
2771
2772
2774
2777
2779
2780
2781
2782
2783
2784
2785
2786
2787
2788
2789
2815
2816
2817
2818
2819
2847
2848
2849
2850
2851
2852
2854
2860
2862
2864
2865
2866
2868
2869
2870
2879
2881
2882
2883
2884
2885
2886
2887
2888
2889
2890
2891
2892
2893
2894
2896
2897
2898
2899
2905
2907
2914
2923
2924
2925
2926
2927
2928
2929
2930
2931
2932
2934
2951
2952
2953
2954
2955
2956
2957
2958
2959
2960
2961
2965
2966
2995
2999
3000
3006
3007
3009
3011
3012
3013
3014
3015
3016
3018
3019
3030
3031
3032
3033
3035
3036
3037
3038
3039
3040
3041
3042
3043
3044
3045
3046
3047
3049
3077
3079
3081
3082
3083
3085
3086
3088
3089
3090
3091
3098
3099
3100
3101
3104
3137
3141
3143
3144
3146
3147
3148
3149
3150
3151
3152
3153
3154
3155
3156
3157
3158
3159
3177
3179
3180
3181
3190
3191
3192
3193
3194
3195
3230
3231
3232
3233
3234
3235
3236
3237
3238
3239
3241
3242
3252
3253
3257
3258
3259
3260
3270
3286
3287
3289
3304
3305
3306
3307
3308
3309
3310
3311
3312
3313
3314
3315
3316
3317
3318
3319
3320
3350
3354
3370
3403
3404
3405
3406
3407
3408
3409
3410
3411
3412
3413
3414
3415
3416
3417
3418
3419
3421
3422
3446
3450
3451
3505
3507
3511
3516
3525
3528
3529
3530
3531
3532
3533
3534
3535
3536
3537
3538
3539
3540
3541
3568
3585
3586
3615
3618
3631
3644
3645
3646
3647
3648
3649
3650
3651
3652
3653
3654
3655
3657
3660
3663
3664
3682
3686
3687
3688
3689
3717
3718
3719
3720
3724
3726
3759
3760
3761
3762
3763
3764
3765
3766
3767
3768
3769
3777
3778
3780
3813
3814
3815
3832
3834
3837
3839
3842
3844
3854
3855
3856
3857
3858
3859
3860
3861
3862
3863
3864
3865
3912
3913
3914
3917
3981
3982
3984
3988
3994
3995
3996
3997
3998
3999
4000
4001
4002
4003
4004
4064
4065
4066
4067
4068
4069
4070
4079
4080
4081
4082
4083
4086
4087
4090
4129
4130
4131
4132
4133
4134
4135
4136
4137
4138
4139
4156
4163
4176
4184
4185
4186
4187
4188
4189
4190
4191
4192
4193
4194
4195
4235
4236
4254
4255
4256
4262
4263
4275
4276
4277
4278
4279
4280
4281
4282
4283
4284
4285
4302
4308
4309
4310
4311
4312
4313
4314
4315
4316
4317
4318
4326
4327
4328
4338
4372
4374
4388
4433
4434
4435
4436
4437
4438
4439
4440
4441
4442
4463
4464
4465
4466
4467
4468
4469
4470
4471
4472
4473
4474
4478
4479
4480
4585
4587
4591
4613
4614
4616
4617
4618
4619
4620
4621
4622
4623
4624
4625
4626
4659
4660
4661
4663
4664
4665
4666
4667
4668
4669
4709
4710
4711
4712
4713
4714
4715
4716
4717
4738
4740
4750
4755
4804
4809
4810
4811
4812
4813
4814
4815
4816
4817
4818
4819
4820
4821
4840
4841
4884
4885
4888
4889
4909
4910
4911
4912
4913
4914
4915
4916
4926
4982
4998
4999
5000
5001
5002
5003
5004
5005
5006
5007
5008
5009
5010
5021
5028
5031
5070
5085
5087
5113
5114
5115
5116
5117
5118
5119
5120
5121
5140
5141
5142
5143
5144
5145
5146
5147
5148
5149
5150
5151
5160
5161
5167
5168
5169
5173
5180
5184
5185
5186
5187
5188
5189
5190
5199
5225
5231
5244
5245
5253
5254
5255
5256
5257
5258
5259
5260
5261
5262
5263
5288
5310
5313
5315
5324
5338
5339
5340
5341
5342
5343
5344
5345
5357
5358
5359
5360
5361
5362
5363
5369
5375
5376
5377
5378
5379
5380
5381
5382
5383
5384
5385
5386
5410
5415
5446
5452
5471
5475
5476
5477
5478
5479
5480
5481
5482
5483
5484
5485
5498
5499
5500
5501
5502
5513
5521
5522
5530
5531
5532
5538
5565
5571
5585
5586
5587
5588
5589
5590
5591
5592
5593
5594
5595
5596
5597
5598
5629
5630
5631
5632
5633
5638
5639
5640
5649
5666
5667
5668
5669
5670
5671
5672
5681
5686
5687
5692
5693
5694
5695
5696
5697
5698
5699
5700
5701
5702
5703
5717
5729
5730
5731
5732
5733
5734
5749
5761
5798
5800
5804
5808
5809
5812
5816
5817
5818
5819
5820
5821
5822
5823
5824
5825
5826
5827
5844
5850
5851
5854
5855
5856
5857
5858
5861
5862
5863
5869
5877
5882
5883
5904
5907
5914
5915
5922
5923
5924
5925
5926
5931
5932
5933
5934
5935
5936
5937
5938
5939
5940
5941
5943
5946
5961
5966
5983
5984
5985
5986
5987
6003
6004
6019
6024
6032
6033
6034
6035
6036
6037
6039
6040
6043
6044
6045
6046
6047
6048
6049
6050
6051
6052
6053
6054
6069
6070
6071
6075
6079
6082
6103
6123
6124
6125
6126
6127
6128
6129
6130
6131
6132
6133
6138
6139
6144
6145
6153
6154
6155
6156
6157
6178
6179
6180
6181
6182
6185
6193
6205
6206
6207
6208
6209
6210
6211
6212
6213
6214
6215
6216
6244
6245
6246
6247
6248
6254
6255
6256
6257
6258
6260
6261
6262
6267
6268
6269
6270
6271
6272
6273
6274
6275
6276
6277
6278
6291
6292
6294
6309
6312
6315
6318
6319
6320
6332
6333
6335
6336
6337
6344
6346
6347
6348
6349
6350
6351
6352
6353
6354
6355
6356
6357
6359
6360
6361
6370
6371
6372
6373
6397
6404
6405
6406
6407
6408
6409
6416
6417
6418
6419
6420
6421
6422
6423
6424
6425
6426
6427
6442
6443
6444
6446
6447
6448
6449
6450
6462
6464
6475
6493
6494
6495
6496
6497
6498
6499
6500
6501
6502
6503
6504
6505
6506
6507
6508
6509
6512
6513
6514
6515
6516
6542
6543
6544
6545
6546
6547
6548
6549
6550
6551
6552
6553
6561
6562
6563
6572
6582
6583
6584
6585
6597
6598
6599
6602
6603
6604
6605
6606
6612
6613
6614
6623
6624
6625
6626
6627
6628
6629
6630
6631
6632
6633
6634
6639
6640
6641
6646
6647
6648
6649
6654
6664
6665
6666
6667
6668
6669
6670
6671
6672
6673
6674
6696
6697
6698
6709
6716
6717
6718
6719
6720
6721
6722
6723
6724
6725
6726
6727
6728
6729
6730
6731
6732
6734
6750
6751
6752
6753
6754
6755
6756
6757
6758
6759
6760
6761
6762
6763
6770
6771
6773
6774
6775
6776
6777
6784
6786
6787
6788
6789
6790
6791
6792
6793
6794
6795
6796
6797
6804
6805
6818
6819
6822
6823
6824
6830
6831
6832
6833
6834
6835
6836
6837
6838
6839
6840
6853
6854
6857
6858
6859
6860
6863
6864
6865
6866
6867
6868
6869
6870
6871
6872
6873
6874
6885
6894
6896
6897
6903
6904
6905
6906
6907
6908
6909
6910
6911
6912
6913
6918
6920
6943
6944
6945
6946
6947
6948
6949
6950
6951
6952
6953
6954
6955
6981
6982
6983
6984
6985
6986
6987
6988
6989
6990
6991
6992
7016
7017
7018
7019
7020
7021
7022
7023
7024
7025
7026
7027
7036
7037
7038
7039
7040
7041
7042
7043
7044
7045
7046
7067
7068
7069
7070
7071
7072
7073
7074
7075
7076
7077
7078
7079
7103
7104
7105
7106
7107
7108
7109
7110
7111
7112
7113
7119
7133
7134
7135
7136
7137
7138
7139
7140
7141
7142
7143
7144
7147
7155
7156
7157
7158
7159
7160
7161
7162
7163
7164
7165
7195
7196
7197
7198
7199
7200
7201
7202
7203
7204
7205
7206
7229
7230
7231
7232
7233
7234
7235
7236
7237
7238
7239
7258
7259
7260
7261
7262
7263
7264
7265
7266
7267
7268
7269
7277
7278
7279
7280
7281
7282
7283
7284
7285
7286
7287
7305
7306
7307
7308
7309
7310
7311
7312
7313
7314
7315
7316
7335
7336
7337
7338
7339
7340
7341
7342
7343
7344
7345
7349
7354
7355
7356
7357
7358
7359
7360
7361
7362
7363
7364
7365
7374
7375
7376
7377
7378
7379
7380
7381
7382
7383
7384
7394
7395
7396
7397
7398
7399
7400
7401
7402
7403
7404
7405
7414
7415
7416
7417
7418
7419
7420
7421
7422
7423
7424
7430
7431
7432
7433
7434
7435
7436
7437
7438
7439
7440
7441
7459
7460
7461
7462
7463
7464
7465
7466
7467
7468
7469
7474
7475
7476
7477
7478
7479
7480
7481
7482
7483
7484
7485
7491
7492
7493
7494
7495
7496
7497
7498
7499
7500
7501
7506
7507
7508
7509
7510
7511
7512
7513
7514
7515
7516
7517
7520
7521
7522
7523
7524
7525
7526
7527
7528
7529
7530
7533
7534
7535
7536
7537
7538
7539
7540
7541
7542
7543
7544
7552
7553
7554
7555
7556
7557
7558
7559
7560
7561
7562
7567
7568
7569
7570
7571
7572
7573
7574
7575
7576
7577
7578
7581
7582
7583
7584
7585
7586
7587
7588
7589
7590
7591
7595
7596
7597
7598
7599
7600
7601
7602
7603
7604
7605
7606
7608
7609
7610
7611
7612
7613
7614
7615
7616
7617
7618
7621
7622
7623
7624
7625
7626
7627
7628
7629
7630
7631
7632
7633
7634
7635
7636
7637
7638
7639
7640
7641
7642
7643
7645
7646
7647
7648
7649
7650
7651
7652
7653
7654
7655
7656
7657
7658
7659
7660
7661
7662
7663
7664
7665
7666
7667
7668
7669
7670
7671
7672
7673
7674
7675
7676
7677
7678
7679
7680
7681
7682
7683
7684
7685
7686
7687
7688
7689
7690
7691
7692
7693
7694
7695
7696
7697
7698
7699
7700
7701
7702
7703
7704
7705
7706
7707
7708
7709
7710
7711
7712
7713
7714
7715
7716
7717
7718
7719
7720
7721
7722
7723
7724
7725
7726
7727
7728
7729
7730
7731
7732
7733
7734
7735
7736
7737
7738
7739
7740
7741
7742
7743
7744
7745
7746
7747
7748
7749
7750
7751
7752
7753
7754
7755
7756
7757
7758
7759
7760
7761
7762
7763
7764
7765
7766
7767
7768
7769
7770
7771
7772
7773
7774
7775
7776
7777
7778
7779
7780
7781
7782
7783
7784
7785
7786
7787
7788
7789
7790
7791
7792
7793
7794
7795
7796
7797
7798
7799
7800
7801
7802
7803
7804
7805
7806
7807
7808
7809
7810
7811
7812
7813
7814
7815
7816
7817
7818
7819
7820
7821
7822
7823
7824
7825
7826
7827
7828
7829
7830
7831
7832
7833
7834
7835
7836
7837
7838
7839
7840
7841
7842
7843
7844
7845
7846
7847
7848
7849
7850
7851
7852
7853
7854
7855
7856
7857
7858
7859
7860
7861
7862
7863
7864
7865
7866
7867
7868
7869
7870
7871
7872
7873
7874
7875
7876
7877
7878
7879
7880
7881
7882
7883
7884
7885
7886
7887
7888
7889
7890
7891
7892
7893
7894
7895
7896
7897
7898
7899
7900
7901
7902
7903
7904
7905
7906
7907
7908
7909
7910
7911
7912
7913
7914
7915
7916
7917
7918
7919
7920
7921
7922
7923
7924
7925
7926
7927
7928
7929
7930
7931
7932
7933
7934
7935
7936
7937
7938
7939
7940
7941
7942
7943
7944
7945
7946
7947
7948
7949
7950
7951
7952
7953
7954
7955
7956
7957
7958
7959
7960
7961
7962
7963
7964
7965
7966
7967
7968
7969
7970
7971
7972
7973
7974
7975
7976
7977
7978
7979
7980
7981
7982
7983
7984
7985
7986
7987
7988
7989
7990
7991
7992
7993
7994
7995
7996
7997
7998
7999
8000
8001
8002
8003
8004
8005
8006
8007
8008
8009
8010
8011
8012
8013
8014
8015
8016
8017
8018
8019
8020
8021
8022
8023
8024
8025
8026
8027
8028
8029
8030
8031
8032
8033
8034
8035
8036
8037
8038
8039
8040
8041
8042
8043
8044
8045
8046
8047
8048
8049
8050
8051
8052
8053
8054
8055
8056
8057
8058
8059
8060
8061
8062
8063
8064
8065
8066
8067
8068
8069
8070
8071
8072
8073
8074
8075
8076
8077
8078
8079
8080
8081
8082
8083
8084
8085
8086
8087
8088
8089
8090
8091
8092
8093
8094
8095
8096
8097
8098
8099
8100
8101
8102
8103
8104
8105
8106
8107
8108
8109
8110
8111
8112
8113
8114
8115
8116
8117
8118
8119
8120
8121
8122
8123
8124
8125
8126
8127
8128
8129
8130
8131
8132
8133
8134
8135
8136
8137
8138
8139
8140
8141
8142
8143
8144
8145
8146
8147
8148
8149
8150
8151
8152
8153
8154
8155
8156
8157
8158
8159
8160
8161
8162
8163
8164
8165
8166
8167
8168
8169
8170
8171
8172
8173
8174
8175
8176
8177
8178
8179
8180
8181
8182
8183
8184
8185
8186
8187
8188
8189
8190
8191
8192
8193
8194
8195
8196
8197
8198
8199
8200
8201
8202
8203
8204
8205
8206
8207
8208
8209
8210
8211
8212
8213
8214
8215
8216
8217
8218
8219
8220
8221
8222
8223
8224
8225
8226
8227
8228
8229
8230
8231
8232
8233
8234
8235
8236
8237
8238
8239
8240
8241
8242
8243
8244
8245
8246
8247
8248
8249
8250
8251
8252
8253
8254
8255
8256
8257
8258
8259
8260
8261
8262
8263
8264
8265
8266
8267
8268
8269
8270
8271
8272
8273
8274
8275
8276
8277
8278
8279
8280
8281
8282
8283
8284
8285
8286
8287
8288
8289
8290
8291
8292
8293
8294
8295
8296
8297
8298
8299
8300
8301
8302
8303
8304
8305
8306
8307
8308
8309
8310
8311
8312
8313
8314
8315
8316
8317
8318
8319
8320
8321
8322
8323
8324
8325
8326
8327
8328
8329
8330
8331
8332
8333
8334
8335
8336
8337
8338
8339
8340
8341
8342
8343
8344
8345
8346
8347
8348
8349
8350
8351
8352
8353
8354
8355
8356
8357
8358
8359
8360
8361
8362
8363
8364
8365
8366
8367
8368
8369
8370
8371
8372
8373
8374
8375
8376
8377
8378
8379
8380
8381
8382
8383
8384
8385
8386
8387
8388
8389
8390
8391
8392
8393
8394
8395
8396
8397
8398
8399
8400
8401
8402
8403
8404
8405
8406
8407
8408
8409
8410
8411
8412
8413
8414
8415
8416
8417
8418
8419
8420
8421
8422
8423
8424
8425
8426
8427
8428
8429
8430
8431
8432
8433
8434
8435
8436
8437
8438
8439
8440
8441
8442
8443
8444
8445
8446
8447
8448
8449
8450
8451
8452
8453
8454
8455
8456
8457
8458
8459
8460
8461
8462
8463
8464
8465
8466
8467
8468
8469
8470
8471
8472
8473
8474
8475
8476
8477
8478
8479
8480
8481
8482
8483
8484
8485
8486
8487
8488
8489
8490
8491
8492
8493
8494
8495
8496
8497
8498
8499
8500
8501
8502
8503
8504
8505
8506
8507
8508
8509
8510
8511
8512
8513
8514
8515
8516
8517
8518
8519
8520
8521
8522
8523
8524
8525
8526
8527
8528
8529
8530
8531
8532
8533
8534
8535
8536
8537
8538
8539
8540
8541
8542
8543
8544
8576
8577
8578
8579
8580
8581
8582
8583
8584
8585
8586
8587
8588
8589
8590
8591
8592
8593
8594
8595
8596
8597
8598
8599
8600
8601
8602
8603
8604
8605
8606
8607
8608
8609
8610
8611
8612
8613
8614
8615
8616
8617
8618
8619
8620
8621
8622
8623
8624
8625
8626
8627
8628
8629
8630
8631
8632
8633
8634
8635
8636
8637
8638
8639
8640
8641
8642
8643
8644
8645
8646
8647
8648
8649
8650
8651
8652
8653
8654
8655
8656
8657
8658
8659
8660
8661
8662
8663
8664
8665
8666
8667
8668
8669
8670
8671
8672
8673
8674
8675
8676
8677
8678
8679
8680
8681
8682
8683
8684
8685
8686
8687
8688
8689
8690
8691
8692
8693
8694
8695
8696
8697
8698
8699
8700
8701
8702
8703
8704
8705
8706
8707
8708
8709
8710
8711
8712
8713
8714
8715
8716
8717
8718
8719
8720
8721
8722
8723
8724
8725
8726
8727
8728
8729
8730
8731
8732
8733
8734
8735
8736
8737
8738
8739
8740
8741
8742
8743
8744
8745
8746
8747
8748
8749
8750
8751
8752
8753
8754
8755
8756
8757
8758
8759
8760
8761
8762
8763
8764
8765
8766
8767
8768
8769
8770
8771
8772
8773
8774
8775
8776
8777
8778
8779
8780
8781
8782
8783
8784
8785
8786
8787
8788
8789
8790
8791
8880
8881
8882
8883
8884
8885
8886
8887
8888
8889
8890
8891
8892
8893
8894
8895
8896
8897
8898
8899
8900
8901
8902
8903
8904
8905
8906
8907
8908
8909
8910
8911
8912
8913
8914
8915
8916
8917
8918
8919
8920
8921
8922
8923
8924
8925
8926
8927
8928
8929
8930
8931
8932
8933
8934
8935
8936
8937
8938
8939
8940
8941
8942
8943
8944
8945
8946
8947
8948
8949
8950
8951
8952
8953
8954
8955
8956
8957
8958
8959
8960
8961
8962
8963
8964
8965
8966
8967
8968
8969
8970
8971
8972
8973
8974
8975
8976
8977
8978
8979
8980
8981
8982
8983
8984
8985
8986
8987
8988
8989
8990
8991
8992
8993
8994
8995
8996
8997
8998
8999
9000
9001
9002
9003
9004
9005
9006
9007
9008
9009
9010
9011
9012
9013
9014
9015
9016
9017
9018
9019
9020
9021
9428
9429
9468
9469
9470
9471
9472
9473
9474
9475
9476
9477
9478
9479
9480
9481
9482
9483
9484
9485
9486
9487
9488
9489
9490
9491
9492
9493
9494
9495
9496
9497
9498
9499
9500
9501
9502
9503
9504
9505
9506
9507
9508
9509
9510
9511
9512
9513
9514
9515
9516
9517
9518
9519
9520
9521
9522
9523
9524
9525
9526
9527
9528
9529
9530
9531
9532
9533
9534
9535
9536
9537
9538
9539
9540
9541
9542
9543
9544
9545
9546
9547
9551
9552
9553
9554
9555
9556
9557
9558
9559
9560
9561
9562
9563
9564
9565
9566
9567
9568
9569
9570
9571
9572
9573
9574
9575
9576
9577
9578
9579
9580
9581
9582
9583
9584
9585
9586
9587
9588
9589
9590
9591
9592
9593
9594
9595
9596
9597
9598
9599
9600
9601
9602
9603
9604
9605
9606
9607
9608
9609
9610
9611
9612
9613
9614
9615
9616
9617
9618
9619
9620
9621
9622
9623
9624
9625
9626
9627
9628
9629
9630
9631
9632
9633
9634
9635
9636
9637
9638
9639
9640
9641
9642
9643
9644
9645
9646
9647
9648
9649
9650
9651
9652
9653
9654
9655
9656
9657
9658
9659
9660
9661
9662
9663
9664
9665
9666
9667
9668
9669
9670
9671
9672
9673
9674
9675
9676
9677
9678
9679
9684
9685
9686
9687
9688
9689
9690
9691
9692
9693
9694
9695
9696
9697
9698
9699
9700
9701
9702
9703
9704
9705
9706
9707
9708
9714
9715
9716
9717
9718
9719
9720
9721
9722
9723
9724
9725
9726
9727
9728
9729
9730
9731
9732
9733
9734
9735
9736
9737
9738
9739
9741
9742
9743
9744
9745
9746
9747
9748
9749
9750
9751
9752
9753
9754
9755
9756
9757
9758
9759
9760
9761
9762
9763
9764
9766
9767
9768
9769
9770
9771
9772
9773
9774
9775
9776
9777
9778
9779
9780
9781
9782
9783
9784
9785
9786
9787
9794
9795
9796
9797
9798
9799
9800
9801
9802
9803
9804
9805
9806
9807
9808
9809
9810
9811
9812
9813
9814
9815
9816
9817
9818
9819
9820
9821
9822
9823
9824
9825
9826
9827
9828
9829
9830
9831
9832
9833
9834
9835
9836
9837
9838
9839
9840
9841
9842
9843
9844
9845
9846
9847
9848
9849
9850
9851
9852
9853
9854
9855
9856
9857
9858
9859
9860
9861
9862
9863
9864
9865
9866
9867
9868
9869
9870
9871
9872
9873
9874
9875
9876
9877
9878
9879
9880
9881
9882
9883
9884
9885
9886
9887
9888
9889
9890
9891
9892
9893
9894
9898
9899
9900
9901
9902
9903
9904
9905
9906
9907
9909
9910
9911
9912
9913
9914
9915
9916
9917
9925
9926
9927
9928
9929
9930
9931
9932
9933
9934
9935
9936
9937
9938
9939
9940
9941
9942
9943
9944
9945
9946
9947
9948
9949
9950
9951
9952
9953
9954
9955
9956
9957
9958
9959
9960
9961
9962
9963
9964
9965
9966
9967
9968
9969
9970
9971
9972
9973
9974
9975
9976
9977
9979
9980
9981
9982
9983
9984
9985
9986
9987
9988
9989
9990
9991
9992
9993
9994
9995
9996
9997
9998
9999
10000
10001
10002
10003
10004
10005
10006
10007
10008
10009
10010
10011
10012
10013
10014
10015
10016
10017
10018
10019
10020
10021
10022
10023
10024
10025
10026
10027
10028
10029
10030
10031
10032
10033
10034
10035
10036
10037
10038
10039
10040
10041
10042
10043
10044
10045
10046
10047
10048
10049
10050
10051
10052
10053
10054
10055
10057
10058
10059
10060
10061
10062
10063
10072
10073
10074
10075
10076
10077
10078
10079
10080
10081
10082
10083
10084
10085
10086
10087
10088
10089
10090
10091
10092
10093
10094
10095
10096
10097
10098
10099
10100
10101
10102
10103
10104
10105
10106
10107
10108
10109
10110
10111
10112
10113
10114
10115
10116
10117
10118
10119
10120
10121
10122
10123
10124
10125
10126
10127
10128
10129
10130
10141
10142
10143
10144
10145
10146
10147
10148
10149
10150
10151
10152
10153
10154
10155
10156
10157
10158
10159
10160
10161
10162
10163
10164
10165
10166
10167
10168
10169
10170
10171
10172
10173
10174
10175
10176
10177
10178
10179
10180
10181
10182
10183
10184
10185
10187
10188
10189
10190
10191
10192
10193
10194
10195
10196
10197
10198
10199
10200
10201
10202
10203
10204
10205
10206
10207
10208
10209
10210
10211
10212
10213
10214
10215
10216
10217
10218
10219
10220
10221
10222
10223
10224
10225
10226
10227
10228
10231
10232
10233
10234
10235
10236
10237
10238
10239
10240
10241
10242
10243
10244
10245
10246
10247
10248
10249
10250
10251
10252
10253
10254
10255
10256
10257
10258
10259
10260
10261
10262
10263
10264
10265
10266
10267
10269
10270
10271
10272
10273
10274
10275
10276
10278
10279
10280
10281
10282
10283
10284
10285
10286
10287
10288
10289
10290
10291
10292
10293
10294
10295
10296
10297
10298
10299
10300
10301
10302
10303
10304
10305
10306
10307
10308
10309
10310
10311
10312
10313
10314
10315
10316
10317
10318
10319
10320
10321
10322
10323
10324
10325
10326
10327
10328
10329
10330
10331
10332
10333
10334
10335
10336
10337
10338
10339
10340
10341
10342
10343
10344
10345
10346
10347
10348
10349
10350
10351
10352
10353
10355
10356
10357
10358
10359
10360
10361
10363
10364
10365
10366
10367
10368
10369
10370
10371
10372
10373
10374
10375
10376
10377
10378
10384
10385
10388
10389
10390
10391
10392
10393
10394
10395
10396
10397
10398
10399
10400
10401
10402
10403
10404
10416
10417
10418
10419
10420
10421
10422
10423
10424
10425
10426
10427
10428
10429
10430
10431
10432
10433
10434
10435
10436
10437
10438
10439
10440
10441
10442
10443
10444
10445
10446
10447
10448
10449
10450
10451
10452
10453
10454
10455
10456
10457
10458
10459
10460
10461
10462
10463
10464
10465
10466
10467
10468
10469
10470
10471
10472
10473
10474
10475
10476
10477
10478
10479
10480
10481
10482
10483
10484
10485
10486
10487
10488
10489
10490
10494
10495
10496
10497
10498
10499
10500
10501
10502
10503
10504
10505
10506
10509
10510
10511
10512
10513
10514
10515
10516
10517
10518
10519
10520
10522
10523
10524
10525
10526
10527
10528
10529
10530
10531
10532
10533
10534
10535
10536
10537
10538
10539
10540
10541
10542
10543
10544
10545
10546
10547
10548
10549
10550
10551
10552
10553
10554
10555
10556
10557
10558
10559
10560
10561
10562
10563
10564
10566
10567
10568
10569
10570
10571
10572
10573
10574
10575
10576
10577
10578
10579
10580
10582
10583
10584
10585
10586
10587
10588
10589
10590
10603
10604
10605
10606
10607
10608
10609
10610
10611
10612
10620
10621
10622
10623
10624
10626
10627
10628
10629
10630
10631
10632
10633
10634
10635
10636
10637
10638
10639
10640
10641
10642
10643
10644
10645
10646
10647
10648
10649
10650
10651
10655
10656
10657
10658
10659
10660
10661
10662
10663
10664
10665
10666
10667
10669
10670
10671
10672
10673
10674
10675
10676
10677
10678
10679
10680
10681
10682
10683
10710
10711
10712
10713
10714
10715
10716
10717
10718
10719
10720
10721
10723
10724
10725
10726
10727
10728
10729
10730
10731
10732
10733
10734
10735
10736
10737
10738
10739
10740
10741
10742
10743
10744
10745
10746
10747
10748
10749
10750
10751
10752
10753
10754
10755
10756
10757
10758
10759
10760
10761
10762
10763
10764
10765
10766
10767
10768
10769
10772
10773
10774
10775
10776
10777
10778
10779
10784
10785
10786
10787
10788
10789
10790
10791
10792
10793
10794
10795
10796
10797
10798
10799
10800
10801
10803
10804
10805
10806
10807
10808
10809
10810
10811
10812
10813
10817
10818
10819
10820
10821
10822
10823
10824
10825
10826
10827
10828
10829
10830
10831
10832
10833
10834
10835
10836
10837
10838
10839
10840
10841
10842
10843
10844
10845
10846
10848
10849
10850
10852
10853
10854
10855
10856
10857
10866
10867
10868
10869
10874
10888
10889
10891
10892
10893
10894
10895
10896
10897
10898
10899
10900
10901
10902
10903
10904
10905
10906
10907
10908
10909
10910
10911
10912
10913
10914
10915
10916
10917
10918
10919
10920
10921
10922
10923
10924
10925
10927
10928
10929
10931
10932
10933
10934
10935
10936
10937
10938
10939
10940
10941
10942
10943
10944
10945
10946
10947
10948
10950
10951
10952
10953
10954
10955
10956
10957
10958
10959
10960
10961
10962
10963
10964
10965
10966
10967
10992
10993
10994
10995
10996
10998
10999
11000
11001
11002
11003
11004
11005
11009
11011
11012
11013
11019
11020
11021
11022
11023
11024
11025
11026
11027
11029
11030
11031
11032
11033
11034
11035
11036
11037
11038
11039
11040
11044
11045
11046
11047
11048
11049
11050
11051
11052
11053
11054
11055
11057
11058
11059
11060
11061
11062
11063
11064
11065
11066
11067
11068
11069
11070
11071
11072
11074
11075
11076
11077
11080
11081
11082
11083
11084
11085
11086
11087
11088
11089
11090
11091
11092
11093
11094
11095
11096
11097
11098
11099
11125
11126
11127
11128
11129
11130
11131
11133
11134
11135
11136
11137
11138
11139
11140
11141
11144
11145
11146
11147
11148
11149
11150
11151
11152
11153
11154
11155
11156
11159
11162
11163
11164
11165
11166
11167
11168
11169
11171
11172
11173
11175
11176
11178
11179
11180
11181
11182
11183
11184
11185
11186
11187
11188
11189
11190
11191
11192
11193
11195
11200
11215
11216
11217
11220
11221
11222
11223
11224
11225
11226
11227
11228
11230
11231
11232
11233
11234
11238
11239
11240
11241
11244
11245
11246
11251
11257
11259
11260
11261
11262
11263
11264
11265
11266
11267
11268
11269
11270
11271
11277
11278
11279
11280
11281
11282
11283
11284
11285
11286
11287
11288
11289
11290
11291
11292
11294
11295
11296
11297
11298
11299
11301
11302
11304
11305
11306
11307
11308
11315
11316
11317
11319
11322
11324
11325
11326
11327
11328
11329
11330
11331
11332
11333
11334
11360
11361
11362
11363
11364
11392
11393
11394
11395
11396
11397
11399
11405
11407
11409
11410
11411
11413
11414
11415
11424
11426
11427
11428
11429
11430
11431
11432
11433
11434
11435
11436
11437
11438
11439
11441
11442
11443
11444
11450
11452
11459
11468
11469
11470
11471
11472
11473
11474
11475
11476
11477
11479
11496
11497
11498
11499
11500
11501
11502
11503
11504
11505
11506
11510
11511
11540
11544
11545
11551
11552
11554
11556
11557
11558
11559
11560
11561
11563
11564
11575
11576
11577
11578
11580
11581
11582
11583
11584
11585
11586
11587
11588
11589
11590
11591
11592
11594
11622
11624
11626
11627
11628
11630
11631
11633
11634
11635
11636
11643
11644
11645
11646
11649
11682
11686
11688
11689
11691
11692
11693
11694
11695
11696
11697
11698
11699
11700
11701
11702
11703
11704
11722
11724
11725
11726
11735
11736
11737
11738
11739
11740
11775
11776
11777
11778
11779
11780
11781
11782
11783
11784
11786
11787
11797
11798
11802
11803
11804
11805
11815
11831
11832
11834
11849
11850
11851
11852
11853
11854
11855
11856
11857
11858
11859
11860
11861
11862
11863
11864
11865
11895
11899
11915
11948
11949
11950
11951
11952
11953
11954
11955
11956
11957
11958
11959
11960
11961
11962
11963
11964
11966
11967
11991
11995
11996
12050
12052
12056
12061
12070
12073
12074
12075
12076
12077
12078
12079
12080
12081
12082
12083
12084
12085
12086
12113
12130
12131
12160
12163
12176
12189
12190
12191
12192
12193
12194
12195
12196
12197
12198
12199
12200
12202
12205
12208
12209
12227
12231
12232
12233
12234
12262
12263
12264
12265
12269
12271
12304
12305
12306
12307
12308
12309
12310
12311
12312
12313
12314
12322
12323
12325
12358
12359
12360
12377
12379
12382
12384
12387
12389
12399
12400
12401
12402
12403
12404
12405
12406
12407
12408
12409
12410
12457
12458
12459
12462
12526
12527
12529
12533
12539
12540
12541
12542
12543
12544
12545
12546
12547
12548
12549
12609
12610
12611
12612
12613
12614
12615
12624
12625
12626
12627
12628
12631
12632
12635
12674
12675
12676
12677
12678
12679
12680
12681
12682
12683
12684
12701
12708
12721
12729
12730
12731
12732
12733
12734
12735
12736
12737
12738
12739
12740
12780
12781
12799
12800
12801
12807
12808
12820
12821
12822
12823
12824
12825
12826
12827
12828
12829
12830
12847
12853
12854
12855
12856
12857
12858
12859
12860
12861
12862
12863
12871
12872
12873
12883
12917
12919
12933
12978
12979
12980
12981
12982
12983
12984
12985
12986
12987
13008
13009
13010
13011
13012
13013
13014
13015
13016
13017
13018
13019
13023
13024
13025
13130
13132
13136
13158
13159
13161
13162
13163
13164
13165
13166
13167
13168
13169
13170
13171
13204
13205
13206
13208
13209
13210
13211
13212
13213
13214
13254
13255
13256
13257
13258
13259
13260
13261
13262
13283
13285
13295
13300
13349
13354
13355
13356
13357
13358
13359
13360
13361
13362
13363
13364
13365
13366
13385
13386
13429
13430
13433
13434
13454
13455
13456
13457
13458
13459
13460
13461
13471
13527
13543
13544
13545
13546
13547
13548
13549
13550
13551
13552
13553
13554
13555
13566
13573
13576
13615
13630
13632
13658
13659
13660
13661
13662
13663
13664
13665
13666
13685
13686
13687
13688
13689
13690
13691
13692
13693
13694
13695
13696
13705
13706
13712
13713
13714
13718
13725
13729
13730
13731
13732
13733
13734
13735
13744
13770
13776
13789
13790
13798
13799
13800
13801
13802
13803
13804
13805
13806
13807
13808
13833
13855
13858
13860
13869
13883
13884
13885
13886
13887
13888
13889
13890
13902
13903
13904
13905
13906
13907
13908
13914
13920
13921
13922
13923
13924
13925
13926
13927
13928
13929
13930
13931
13955
13960
13991
13997
14016
14020
14021
14022
14023
14024
14025
14026
14027
14028
14029
14030
14043
14044
14045
14046
14047
14058
14066
14067
14075
14076
14077
14083
14110
14116
14130
14131
14132
14133
14134
14135
14136
14137
14138
14139
14140
14141
14142
14143
14174
14175
14176
14177
14178
14183
14184
14185
14194
14211
14212
14213
14214
14215
14216
14217
14226
14231
14232
14237
14238
14239
14240
14241
14242
14243
14244
14245
14246
14247
14248
14262
14274
14275
14276
14277
14278
14279
14294
14306
14343
14345
14349
14353
14354
14357
14361
14362
14363
14364
14365
14366
14367
14368
14369
14370
14371
14372
14389
14395
14396
14399
14400
14401
14402
14403
14406
14407
14408
14414
14422
14427
14428
14449
14452
14459
14460
14467
14468
14469
14470
14471
14476
14477
14478
14479
14480
14481
14482
14483
14484
14485
14486
14488
14491
14506
14511
14528
14529
14530
14531
14532
14548
14549
14564
14569
14577
14578
14579
14580
14581
14582
14584
14585
14588
14589
14590
14591
14592
14593
14594
14595
14596
14597
14598
14599
14614
14615
14616
14620
14624
14627
14648
14668
14669
14670
14671
14672
14673
14674
14675
14676
14677
14678
14683
14684
14689
14690
14698
14699
14700
14701
14702
14723
14724
14725
14726
14727
14730
14738
14750
14751
14752
14753
14754
14755
14756
14757
14758
14759
14760
14761
14789
14790
14791
14792
14793
14799
14800
14801
14802
14803
14805
14806
14807
14812
14813
14814
14815
14816
14817
14818
14819
14820
14821
14822
14823
14836
14837
14839
14854
14857
14860
14863
14864
14865
14877
14878
14880
14881
14882
14889
14891
14892
14893
14894
14895
14896
14897
14898
14899
14900
14901
14902
14904
14905
14906
14915
14916
14917
14918
14942
14949
14950
14951
14952
14953
14954
14961
14962
14963
14964
14965
14966
14967
14968
14969
14970
14971
14972
14987
14988
14989
14991
14992
14993
14994
14995
15007
15009
15020
15038
15039
15040
15041
15042
15043
15044
15045
15046
15047
15048
15049
15050
15051
15052
15053
15054
15057
15058
15059
15060
15061
15087
15088
15089
15090
15091
15092
15093
15094
15095
15096
15097
15098
15106
15107
15108
15117
15127
15128
15129
15130
15142
15143
15144
15147
15148
15149
15150
15151
15157
15158
15159
15168
15169
15170
15171
15172
15173
15174
15175
15176
15177
15178
15179
15184
15185
15186
15191
15192
15193
15194
15199
15209
15210
15211
15212
15213
15214
15215
15216
15217
15218
15219
15241
15242
15243
15254
15261
15262
15263
15264
15265
15266
15267
15268
15269
15270
15271
15272
15273
15274
15275
15276
15277
15279
15295
15296
15297
15298
15299
15300
15301
15302
15303
15304
15305
15306
15307
15308
15315
15316
15318
15319
15320
15321
15322
15329
15331
15332
15333
15334
15335
15336
15337
15338
15339
15340
15341
15342
15349
15350
15363
15364
15367
15368
15369
15375
15376
15377
15378
15379
15380
15381
15382
15383
15384
15385
15398
15399
15402
15403
15404
15405
15408
15409
15410
15411
15412
15413
15414
15415
15416
15417
15418
15419
15430
15439
15441
15442
15448
15449
15450
15451
15452
15453
15454
15455
15456
15457
15458
15463
15465
15488
15489
15490
15491
15492
15493
15494
15495
15496
15497
15498
15499
15500
15526
15527
15528
15529
15530
15531
15532
15533
15534
15535
15536
15537
15561
15562
15563
15564
15565
15566
15567
15568
15569
15570
15571
15572
15581
15582
15583
15584
15585
15586
15587
15588
15589
15590
15591
15612
15613
15614
15615
15616
15617
15618
15619
15620
15621
15622
15623
15624
15648
15649
15650
15651
15652
15653
15654
15655
15656
15657
15658
15664
15678
15679
15680
15681
15682
15683
15684
15685
15686
15687
15688
15689
15692
15700
15701
15702
15703
15704
15705
15706
15707
15708
15709
15710
15740
15741
15742
15743
15744
15745
15746
15747
15748
15749
15750
15751
15774
15775
15776
15777
15778
15779
15780
15781
15782
15783
15784
15803
15804
15805
15806
15807
15808
15809
15810
15811
15812
15813
15814
15822
15823
15824
15825
15826
15827
15828
15829
15830
15831
15832
15850
15851
15852
15853
15854
15855
15856
15857
15858
15859
15860
15861
15880
15881
15882
15883
15884
15885
15886
15887
15888
15889
15890
15894
15899
15900
15901
15902
15903
15904
15905
15906
15907
15908
15909
15910
15919
15920
15921
15922
15923
15924
15925
15926
15927
15928
15929
15939
15940
15941
15942
15943
15944
15945
15946
15947
15948
15949
15950
15959
15960
15961
15962
15963
15964
15965
15966
15967
15968
15969
15975
15976
15977
15978
15979
15980
15981
15982
15983
15984
15985
15986
16004
16005
16006
16007
16008
16009
16010
16011
16012
16013
16014
16019
16020
16021
16022
16023
16024
16025
16026
16027
16028
16029
16030
16036
16037
16038
16039
16040
16041
16042
16043
16044
16045
16046
16051
16052
16053
16054
16055
16056
16057
16058
16059
16060
16061
16062
16065
16066
16067
16068
16069
16070
16071
16072
16073
16074
16075
16078
16079
16080
16081
16082
16083
16084
16085
16086
16087
16088
16089
16097
16098
16099
16100
16101
16102
16103
16104
16105
16106
16107
16112
16113
16114
16115
16116
16117
16118
16119
16120
16121
16122
16123
16126
16127
16128
16129
16130
16131
16132
16133
16134
16135
16136
16140
16141
16142
16143
16144
16145
16146
16147
16148
16149
16150
16151
16153
16154
16155
16156
16157
16158
16159
16160
16161
16162
16163
16166
16167
16168
16169
16170
16171
16172
16173
16174
16175
16176
16177
16178
16179
16180
16181
16182
16183
16184
16185
16186
16187
16188
16190
16191
16192
16193
16194
16195
16196
16197
16198
16199
16200
16201
16202
16203
16204
16205
16206
16207
16208
16209
16210
16211
16212
16213
16214
16215
16216
16217
16218
16219
16220
16221
16222
16223
16224
16225
16226
16227
16228
16229
16230
16231
16232
16233
16234
16235
16236
16237
16238
16239
16240
16241
16242
16243
16244
16245
16246
16247
16248
16249
16250
16251
16252
16253
16254
16255
16256
16257
16258
16259
16260
16261
16262
16263
16264
16265
16266
16267
16268
16269
16270
16271
16272
16273
16274
16275
16276
16277
16278
16279
16280
16281
16282
16283
16284
16285
16286
16287
16288
16289
16290
16291
16292
16293
16294
16295
16296
16297
16298
16299
16300
16301
16302
16303
16304
16305
16306
16307
16308
16309
16310
16311
16312
16313
16314
16315
16316
16317
16318
16319
16320
16321
16322
16323
16324
16325
16326
16327
16328
16329
16330
16331
16332
16333
16334
16335
16336
16337
16338
16339
16340
16341
16342
16343
16344
16345
16346
16347
16348
16349
16350
16351
16352
16353
16354
16355
16356
16357
16358
16359
16360
16361
16362
16363
16364
16365
16366
16367
16368
16369
16370
16371
16372
16373
16374
16375
16376
16377
16378
16379
16380
16381
16382
16383
16384
16385
16386
16387
16388
16389
16390
16391
16392
16393
16394
16395
16396
16397
16398
16399
16400
16401
16402
16403
16404
16405
16406
16407
16408
16409
16410
16411
16412
16413
16414
16415
16416
16417
16418
16419
16420
16421
16422
16423
16424
16425
16426
16427
16428
16429
16430
16431
16432
16433
16434
16435
16436
16437
16438
16439
16440
16441
16442
16443
16444
16445
16446
16447
16448
16449
16450
16451
16452
16453
16454
16455
16456
16457
16458
16459
16460
16461
16462
16463
16464
16465
16466
16467
16468
16469
16470
16471
16472
16473
16474
16475
16476
16477
16478
16479
16480
16481
16482
16483
16484
16485
16486
16487
16488
16489
16490
16491
16492
16493
16494
16495
16496
16497
16498
16499
16500
16501
16502
16503
16504
16505
16506
16507
16508
16509
16510
16511
16512
16513
16514
16515
16516
16517
16518
16519
16520
16521
16522
16523
16524
16525
16526
16527
16528
16529
16530
16531
16532
16533
16534
16535
16536
16537
16538
16539
16540
16541
16542
16543
16544
16545
16546
16547
16548
16549
16550
16551
16552
16553
16554
16555
16556
16557
16558
16559
16560
16561
16562
16563
16564
16565
16566
16567
16568
16569
16570
16571
16572
16573
16574
16575
16576
16577
16578
16579
16580
16581
16582
16583
16584
16585
16586
16587
16588
16589
16590
16591
16592
16593
16594
16595
16596
16597
16598
16599
16600
16601
16602
16603
16604
16605
16606
16607
16608
16609
16610
16611
16612
16613
16614
16615
16616
16617
16618
16619
16620
16621
16622
16623
16624
16625
16626
16627
16628
16629
16630
16631
16632
16633
16634
16635
16636
16637
16638
16639
16640
16641
16642
16643
16644
16645
16646
16647
16648
16649
16650
16651
16652
16653
16654
16655
16656
16657
16658
16659
16660
16661
16662
16663
16664
16665
16666
16667
16668
16669
16670
16671
16672
16673
16674
16675
16676
16677
16678
16679
16680
16681
16682
16683
16684
16685
16686
16687
16688
16689
16690
16691
16692
16693
16694
16695
16696
16697
16698
16699
16700
16701
16702
16703
16704
16705
16706
16707
16708
16709
16710
16711
16712
16713
16714
16715
16716
16717
16718
16719
16720
16721
16722
16723
16724
16725
16726
16727
16728
16729
16730
16731
16732
16733
16734
16735
16736
16737
16738
16739
16740
16741
16742
16743
16744
16745
16746
16747
16748
16749
16750
16751
16752
16753
16754
16755
16756
16757
16758
16759
16760
16761
16762
16763
16764
16765
16766
16767
16768
16769
16770
16771
16772
16773
16774
16775
16776
16777
16778
16779
16780
16781
16782
16783
16784
16785
16786
16787
16788
16789
16790
16791
16792
16793
16794
16795
16796
16797
16798
16799
16800
16801
16802
16803
16804
16805
16806
16807
16808
16809
16810
16811
16812
16813
16814
16815
16816
16817
16818
16819
16820
16821
16822
16823
16824
16825
16826
16827
16828
16829
16830
16831
16832
16833
16834
16835
16836
16837
16838
16839
16840
16841
16842
16843
16844
16845
16846
16847
16848
16849
16850
16851
16852
16853
16854
16855
16856
16857
16858
16859
16860
16861
16862
16863
16864
16865
16866
16867
16868
16869
16870
16871
16872
16873
16874
16875
16876
16877
16878
16879
16880
16881
16882
16883
16884
16885
16886
16887
16888
16889
16890
16891
16892
16893
16894
16895
16896
16897
16898
16899
16900
16901
16902
16903
16904
16905
16906
16907
16908
16909
16910
16911
16912
16913
16914
16915
16916
16917
16918
16919
16920
16921
16922
16923
16924
16925
16926
16927
16928
16929
16930
16931
16932
16933
16934
16935
16936
16937
16938
16939
16940
16941
16942
16943
16944
16945
16946
16947
16948
16949
16950
16951
16952
16953
16954
16955
16956
16957
16958
16959
16960
16961
16962
16963
16964
16965
16966
16967
16968
16969
16970
16971
16972
16973
16974
16975
16976
16977
16978
16979
16980
16981
16982
16983
16984
16985
16986
16987
16988
16989
16990
16991
16992
16993
16994
16995
16996
16997
16998
16999
17000
17001
17002
17003
17004
17005
17006
17007
17008
17009
17010
17011
17012
17013
17014
17015
17016
17017
17018
17019
17020
17021
17022
17023
17024
17025
17026
17027
17028
17029
17030
17031
17032
17033
17034
17035
17036
17037
17038
17039
17040
17041
17042
17043
17044
17045
17046
17047
17048
17049
17050
17051
17052
17053
17054
17055
17056
17057
17058
17059
17060
17061
17062
17063
17064
17065
17066
17067
17068
17069
17070
17071
17072
17073
17074
17075
17076
17077
17078
17079
17080
17081
17082
17083
17084
17085
17086
17087
17088
17089
)


// ************************************************************************* //
