/*--------------------------------*- C++ -*----------------------------------*\
| =========                 |                                                 |
| \\      /  F ield         | OpenFOAM: The Open Source CFD Toolbox           |
|  \\    /   O peration     | Version:  2112                                  |
|   \\  /    A nd           | Website:  www.openfoam.com                      |
|    \\/     M anipulation  |                                                 |
\*---------------------------------------------------------------------------*/
FoamFile
{
    version     2.0;
    format      ascii;
    arch        "LSB;label=32;scalar=64";
    class       volScalarField;
    location    "0";
    object      p;
}
// * * * * * * * * * * * * * * * * * * * * * * * * * * * * * * * * * * * * * //

dimensions      [0 2 -2 0 0 0 0];

internalField   nonuniform List<scalar> 
8100
(
0.0047227311
-0.0061083188
-0.0059136255
-0.013273965
-0.014360305
-0.0062576544
-0.016469032
-0.017188431
-0.019734727
0.0015192225
-0.020395396
-0.012585208
-0.026543756
-0.024837849
-0.022024498
-0.01383252
-0.031344165
-0.028670219
-0.025467141
-0.022023017
-0.02889828
-0.0064542551
-0.040443851
-0.033877029
-0.027093889
-0.021295171
-0.032881469
-0.013401229
-0.038996538
-0.044934139
-0.031195562
-0.023965098
-0.017727785
-0.044649946
-0.027168227
-0.0066864615
-0.043397132
-0.055073913
-0.032399357
-0.022033485
-0.014016336
-0.046172088
-0.036660339
-0.016428469
-0.049864777
-0.037151569
-0.061175274
-0.025675067
-0.015785213
-0.0075696086
-0.055070428
-0.033277138
-0.0086809951
-0.052078042
-0.036657596
-0.066053593
-0.066329295
-0.022802689
-0.010582134
-0.0013611085
-0.054290342
-0.043862767
-0.020645749
-0.057410743
-0.042179092
-0.026668304
-0.069099674
-0.069032154
-0.01329783
-0.0021399018
0.007196321
-0.064122847
-0.038737377
-0.011351426
-0.055668802
-0.038742271
-0.021925457
-0.075745488
-0.071024676
-0.0070394034
0.0056552978
0.015134762
-0.063317668
-0.048641568
-0.023338531
-0.062602735
-0.043923077
-0.025813434
-0.0095897715
-0.078268457
-0.078426712
0.0040003512
0.015435665
0.025003569
-0.072749137
-0.043175562
-0.012231458
-0.055844908
-0.037338344
-0.01852715
-0.0017021599
-0.080379018
-0.081760894
-0.070819937
0.012724582
0.024899781
0.033860253
-0.071105677
-0.05181023
-0.024198509
-0.042472824
-0.058607561
-0.022550294
-0.0040592237
0.011545942
-0.075792143
-0.075894453
-0.066638206
0.024315668
0.035130005
0.04418153
-0.070412429
-0.044337281
-0.012537539
-0.032368283
-0.049473907
-0.012669027
0.0056696709
0.021354286
-0.076157802
-0.069842451
-0.073812092
-0.059471194
0.034457853
0.045300878
0.053155907
-0.055720468
-0.043889607
-0.017840548
-0.016464945
-0.034831822
-0.048858109
0.0031492017
0.020432816
0.034530826
-0.065049655
-0.062213367
-0.060660649
-0.053948174
0.045735396
0.055220355
0.06305798
-0.052733934
-0.034077243
-0.0096770768
-0.0049671627
-0.024006306
-0.038448811
0.014339974
0.031274161
0.045200218
-0.056877832
-0.049671076
-0.055846553
-0.041700893
0.056326626
0.065191162
0.071435181
-0.044262141
-0.030946535
-0.010442986
0.011539647
-0.0081798241
-0.02599895
-0.037211496
0.030087031
0.0455374
0.057522237
-0.04537135
-0.040811217
-0.035901138
-0.036887903
0.066557909
0.074068834
0.080140114
-0.035351298
-0.022501722
-0.0061417519
0.022965126
0.0033690906
-0.013786181
-0.023873524
0.041245794
0.056503003
0.068142672
-0.030681249
-0.021728832
-0.035583283
-0.022557139
-0.027182854
0.076732083
0.083047512
0.087305758
-0.024028573
-0.014293582
-0.0025539565
0.039345963
0.019603904
-0.00095116629
-0.016714102
-0.023905626
0.056504976
0.069599239
0.078932849
-0.01533606
-0.0050206711
-0.017499112
-0.0036773497
-0.019234429
0.085245012
0.09021353
0.094127077
-0.0096825481
-0.0061073828
-0.0012329851
0.050058011
0.030571229
0.010637198
-0.0051794026
-0.015065577
0.066951494
0.079782345
0.088701952
-0.00029941128
0.011740873
-0.010223261
0.0048415637
-0.01308314
0.094208053
0.097526693
0.099441663
0.0019228772
0.0055636518
0.005440619
0.06575622
0.045420911
0.023219936
0.0036450445
-0.011102593
-0.013109582
0.080885726
0.091230739
0.097286094
0.014725901
0.027603945
-0.0029779506
0.0098319581
-0.0075236938
0.10040295
0.10234577
0.10371244
0.019082107
0.0076119751
0.0042118614
0.07596256
0.055476678
0.032115816
0.010134059
-0.0058060973
-0.01051321
0.090639725
0.10017297
0.10537604
0.030161722
0.037702571
0.0076799738
0.02880984
0.014577421
-0.0065999558
0.10741373
0.10737695
0.10680523
0.030779053
0.011537096
0.010929148
0.08832644
0.068689804
0.04544569
0.021930389
0.0021546988
-0.0085779141
-0.011358945
0.10201387
0.10888929
0.11126254
0.040916358
0.046813729
0.0050496489
0.035406327
0.021588967
-0.0035377103
0.11074254
0.1094081
0.10800341
0.028612723
0.042165328
0.018720003
0.0058353198
0.097932568
0.077041462
0.050976383
0.023721252
0.00060709612
-0.011844568
-0.015940298
0.11119058
0.11657911
0.1172528
0.050913678
0.052220094
0.011311629
0.044162313
0.022933805
-0.0089828248
0.11508548
0.11180177
0.10849488
0.030857823
0.04878939
0.03173124
0.014581434
0.10668511
0.08930839
0.065604839
0.03787325
0.011607976
-0.0075045987
-0.018310476
-0.017903441
0.11723429
0.12122134
0.11953816
0.06010576
0.060192341
0.0064478881
0.044127764
0.030235292
-0.006479321
0.1152797
0.11064784
0.10638149
0.044539835
0.062090387
0.028811729
0.0063570482
0.11399222
0.093993748
0.066915189
0.036117462
0.0070291798
-0.015437596
-0.02791161
-0.028541364
0.1250367
0.1273294
0.12315586
0.067057751
0.059753553
0.01063677
0.050044457
0.02504838
-0.017369786
0.11675477
0.10988073
0.10396755
0.045780457
0.062360052
0.03663275
0.017101009
0.1201816
0.10572871
0.082149399
0.051837049
0.019714116
-0.0088197241
-0.028939093
-0.035110211
-0.030380677
0.12601536
0.12568201
0.12088827
0.066671052
0.063809567
0.00062997434
0.045048204
0.031090844
-0.015232691
0.11336649
0.10554143
0.098576881
0.053808921
0.069873252
0.031724851
0.006097174
0.12282425
0.105868
0.079323796
0.046047543
0.011650856
-0.019051036
-0.040766187
-0.048354862
-0.044189915
0.13039998
0.12942865
0.1221242
0.066821194
0.059151342
0.0051336967
0.049270543
0.021574602
-0.028961552
0.11170541
0.10152552
0.093320091
0.051044171
0.066769683
0.034225316
0.017114121
0.12657093
0.11537053
0.093370242
0.06225648
0.026405754
-0.0088560409
-0.037035527
-0.053503143
-0.055486475
-0.044703106
0.12784683
0.12276085
0.11452924
0.071574153
0.060290602
-0.007706291
0.040214749
0.025911098
-0.0256013
0.10435678
0.094206393
0.084944214
0.057936308
0.059762636
0.028248664
0.0058311915
0.12376436
0.11115824
0.087502513
0.05389652
0.016342856
-0.021518703
-0.051118794
-0.067647262
-0.069870283
-0.059434612
0.12630134
0.12213873
0.11243911
0.071202299
0.065391411
0.051689539
-0.0031402953
0.042189444
0.014010297
-0.039921418
0.099599276
0.087103466
0.077482303
0.053605161
0.06107452
0.030886523
0.018487681
0.12324394
0.11647337
0.098473932
0.069375744
0.032859775
-0.0077684413
-0.04264053
-0.068282894
-0.078406152
-0.073441102
-0.057338375
0.12047146
0.11185006
0.10057409
0.062527271
0.062572977
0.051494118
-0.016814791
0.031116142
0.017383129
-0.035074844
0.088774549
0.077336152
0.066737208
0.044927457
0.060568808
0.054614908
0.031605868
0.0053013063
0.11454019
0.10736934
0.088949467
0.059243004
0.021197949
-0.019940119
-0.056491828
-0.082421179
-0.091991172
-0.086931061
-0.070764441
0.11306954
0.10545682
0.094326494
0.060360226
0.054652552
0.040519934
-0.011676845
0.032185917
0.0049650123
-0.048044483
0.080841938
0.067585953
0.057461719
0.035143089
0.058007168
0.047173717
0.017847667
0.10932417
0.10713652
0.094750011
0.071071837
0.036755678
-0.0042881069
-0.04410406
-0.077547028
-0.095659273
-0.097449026
-0.085841204
-0.065412657
0.10362236
0.092613314
0.079895531
0.059132967
0.053480705
0.040580945
-0.024362847
0.019953917
0.0078722002
-0.041635743
0.067634753
0.056129005
0.045365256
0.031218157
0.057179836
0.050935308
0.039908181
0.012873055
0.094925911
0.093029258
0.081694906
0.059091731
0.024456542
-0.015174519
-0.055834762
-0.089312603
-0.10649416
-0.10784486
-0.096220125
-0.075732213
0.089923392
0.080531242
0.069274857
0.053858485
0.044369715
0.028899197
-0.019091504
0.021498437
-0.0044597272
-0.052077656
0.056826767
0.044567595
0.03521725
0.052164114
0.046968616
0.035627286
0.0097488767
0.026475663
0.085020054
0.087331872
0.081477954
0.065466501
0.03770128
0.0004917783
-0.040381854
-0.078366891
-0.10431885
-0.11317983
-0.10712817
-0.090328714
-0.067953481
0.077291033
0.066241775
0.054072771
0.050479125
0.042468279
0.028698456
-0.029816347
0.0090136617
-0.0013649155
-0.044889259
0.042853541
0.032662568
0.023066411
0.048709858
0.050394391
0.041158645
0.00020080411
0.024511389
0.065814177
0.068972427
0.064962844
0.051508301
0.025166455
-0.0083347102
-0.049665402
-0.085222965
-0.10942864
-0.11795466
-0.11224712
-0.095989462
-0.074422422
0.058580712
0.049481905
0.039705412
0.045244954
0.03427767
0.018538667
-0.025025476
0.010559765
-0.013003112
-0.052707047
0.029960014
0.020424612
0.013208888
0.045534764
0.046973345
0.037963634
0.015664275
0.031309252
0.052302441
0.057999799
0.058880513
0.051685038
0.033452861
0.0051654188
-0.032288545
-0.069534352
-0.10040931
-0.11655403
-0.11752828
-0.1060493
-0.087153207
-0.065951753
0.044274424
0.034988355
0.025478213
0.042436782
0.032450028
0.018053882
-0.034258687
-0.00021129232
-0.0097981846
-0.046190364
0.017043254
0.0095685813
0.0024994142
0.045858661
0.041504592
0.04436062
0.0099902438
0.029431733
0.029789675
0.036633584
0.039955275
0.035913102
0.021653416
-0.0033731109
-0.038729238
-0.07170453
-0.099480142
-0.1141324
-0.11545044
-0.10530851
-0.088169139
-0.069141506
0.022199165
0.015234711
0.0089955733
0.037189075
0.025127676
0.0094288301
-0.029634692
0.00080918808
-0.019618869
-0.051673342
0.0033926928
-0.0019380611
-0.0058632299
0.043995964
0.039504532
0.042856371
0.016531823
0.024343517
0.035164548
0.014277992
0.021927611
0.02835678
0.030354679
0.023287256
0.0065257514
-0.02199693
-0.053544865
-0.085312394
-0.10609358
-0.11391643
-0.10938466
-0.096085606
-0.078929809
-0.061565085
0.0075249025
0.0022492015
-0.0026127742
0.036360542
0.025228565
0.010524558
-0.03696976
-0.0080275575
-0.017139408
-0.045942885
-0.0066839578
-0.010184368
-0.013592283
0.041816482
0.043336158
0.03934108
-0.0093133083
-0.00089881044
0.0081770355
0.01415547
0.011754651
0.00058824621
-0.023748992
-0.05195133
-0.078476655
-0.096869576
-0.10464422
-0.10162128
-0.090752564
-0.07664726
-0.062389027
-0.015096383
-0.017919562
-0.019117259
0.030257051
0.017149134
0.0014317183
-0.033282678
-0.0059517886
-0.024922262
-0.04959195
-0.01933014
-0.019457373
-0.019195382
-0.023837778
-0.016802307
-0.0072515312
0.0022461448
0.0074278921
0.0040941885
-0.011767561
-0.033660184
-0.061231794
-0.083476419
-0.096519492
-0.099082582
-0.092907346
-0.081807489
-0.068715755
-0.056048721
-0.027400728
-0.027842737
-0.02665894
-0.038739451
-0.014919121
-0.022034261
-0.045087155
-0.025165841
-0.023789718
-0.022619093
-0.045972037
-0.038348495
-0.026401834
-0.013184617
-0.0032827927
-0.0014412556
-0.010594832
-0.029819039
-0.051079673
-0.069364722
-0.081395072
-0.085102581
-0.081531197
-0.073718152
-0.064380835
-0.055318627
-0.048206832
-0.045763205
-0.040791921
-0.035375423
-0.029560836
-0.047247377
-0.034974539
-0.029406829
-0.024717959
-0.057889053
-0.052927731
-0.042162649
-0.028139666
-0.014126644
-0.0040231456
-0.0041656231
-0.013865151
-0.033115898
-0.053300522
-0.068439975
-0.07657786
-0.077637626
-0.073332176
-0.066211575
-0.058136187
-0.050439148
-0.05659366
-0.050756724
-0.043144557
-0.04023808
-0.043661332
-0.035599297
-0.028928846
-0.023088798
-0.076642526
-0.071414747
-0.05863849
-0.041002112
-0.021634798
-0.0070214481
-0.00098694554
-0.0093750952
-0.021150425
-0.03574601
-0.049193673
-0.057972345
-0.061298719
-0.060325497
-0.057114364
-0.052814723
-0.048677181
-0.073771046
-0.064750437
-0.053075399
-0.044934363
-0.041117363
-0.030070946
-0.021188352
-0.084337356
-0.083269044
-0.072950182
-0.055680383
-0.035083751
-0.016577875
-0.002371804
0.00035522293
-0.0040950049
-0.018531287
-0.033427299
-0.044869998
-0.051991215
-0.054613624
-0.054054654
-0.051450999
-0.048187299
-0.045515804
-0.07663174
-0.063600144
-0.049428361
-0.036097659
-0.024636313
-0.014726022
-0.097970972
-0.097044931
-0.084871114
-0.064622713
-0.040241347
-0.016855837
0.0033529542
0.0099711996
0.007403004
-0.00099629061
-0.012549396
-0.023734727
-0.032334473
-0.03779993
-0.040825127
-0.042045739
-0.042564721
-0.042823009
-0.088388904
-0.072148416
-0.053847259
-0.03645813
-0.020756632
-0.0083549731
-0.099394246
-0.10454772
-0.09722379
-0.079132969
-0.054182569
-0.02778982
-0.003686507
0.010842429
0.017967324
0.014831149
0.0034978351
-0.0083416008
-0.019159935
-0.027606137
-0.033254026
-0.036443925
-0.038097515
-0.040099067
-0.084193968
-0.064091916
-0.044084392
-0.026067296
-0.010730478
0.0022808629
-0.10631646
-0.11202867
-0.10337561
-0.082388181
-0.053658669
-0.022956595
0.0039881914
0.023681794
0.031925092
0.030780369
0.024130076
0.01278594
0.0012808743
-0.0089637349
-0.017372257
-0.02388044
-0.029065483
-0.033691669
-0.088993913
-0.065942292
-0.042415492
-0.020935127
-0.0021577091
0.012261442
-0.099635216
-0.11264934
-0.11124427
-0.095369123
-0.068475833
-0.03636164
-0.0050685421
0.020546333
0.036360542
0.043213647
0.038611665
0.027903337
0.015950251
0.0039883431
-0.0063944639
-0.014615493
-0.020991845
-0.027488949
-0.077054507
-0.051255925
-0.027079005
-0.0061917237
0.011329731
0.026134292
-0.098568862
-0.11236741
-0.11051942
-0.092636253
-0.062579771
-0.026616772
0.0068591776
0.035055368
0.052499593
0.058778669
0.057280133
0.048261752
0.03579976
0.022753083
0.010502509
-0.00029213314
-0.0094775787
-0.017940981
-0.074208892
-0.046192225
-0.019425172
0.0038980753
0.023732341
0.03859178
-0.083706476
-0.10434635
-0.11108347
-0.10101834
-0.075774735
-0.041053421
-0.005397049
0.028074
0.052619735
0.067120856
0.070187273
0.062100631
0.050328571
0.036855653
0.023505111
0.011588372
0.0013926244
-0.0090513065
-0.055460448
-0.026157508
-0.0001430602
0.021277239
0.039256804
0.05435766
-0.074643466
-0.095783677
-0.10227333
-0.09144872
-0.063774541
-0.027161741
0.0099644353
0.044355982
0.069985912
0.083685379
0.085858473
0.081351711
0.069126459
0.054770365
0.040208814
0.026482102
0.014323533
0.0028631543
-0.045584663
-0.014864634
0.012315782
0.034977321
0.054060206
0.068075394
-0.053402709
-0.0800513
-0.095117228
-0.092658089
-0.072908866
-0.039880738
-0.0025387925
0.034357054
0.065354444
0.086449537
0.096902013
0.094118794
0.082550095
0.068877677
0.054015269
0.039798088
0.02692343
0.013576239
-0.021866716
0.0081230742
0.033158353
0.053251128
0.070263759
0.084351201
-0.038294845
-0.064800672
-0.079419346
-0.077235909
-0.056629174
-0.023364007
0.014649179
0.052372275
0.083550122
0.10366122
0.11103834
0.10910891
0.099548947
0.085155086
0.069578056
0.054217359
0.04027364
0.026820212
-0.0063203722
0.023401582
0.048397681
0.068934024
0.085943417
0.098112314
-0.013037689
-0.043694188
-0.06516049
-0.071645795
-0.060381209
-0.034835304
0.0030455853
0.041036499
0.075640247
0.10181508
0.11716561
0.12119991
0.11179021
0.098159479
0.083149548
0.067861636
0.053491284
0.038440216
0.018786786
0.046588827
0.069068685
0.086673335
0.10156127
0.11360002
0.0055712747
-0.025133099
-0.046874651
-0.052465321
-0.041050175
-0.016254879
0.020056539
0.058653121
0.09297947
0.11810826
0.13106779
0.13175274
0.1259148
0.11237346
0.096786827
0.080939102
0.066329611
0.05197422
0.036408125
0.063386201
0.085409464
0.10283122
0.11672329
0.12634965
0.031003835
-0.00057292573
-0.027531654
-0.042388448
-0.040259364
-0.023210942
0.0097308086
0.045587084
0.082529862
0.11249771
0.13203847
0.14076636
0.13738149
0.12379399
0.10923497
0.093935942
0.079144813
0.063595723
0.060686764
0.085423656
0.10459111
0.11883847
0.1306491
0.13992501
0.048972134
0.018408016
-0.0084384605
-0.024210473
-0.022357094
-0.0064248134
0.024397003
0.060329635
0.096390554
0.12562567
0.14351031
0.14877877
0.14498307
0.13483853
0.12022074
0.10491871
0.090642148
0.076457878
0.077953212
0.10219479
0.12064398
0.13414728
0.14412523
0.15077112
0.073597154
0.042717368
0.012228733
-0.010603274
-0.021242877
-0.0097732569
0.014346393
0.045708719
0.083161751
0.11591562
0.13959611
0.15187916
0.15503425
0.14473713
0.13060133
0.11639077
0.10216549
0.08727275
0.10083046
0.12204118
0.13720238
0.14743166
0.1553978
0.16149398
0.089360185
0.058773652
0.029491297
0.0077333008
-0.0051705764
0.0013703318
0.023824559
0.054708994
0.09089693
0.12323373
0.14670699
0.15712299
0.15771627
0.15107216
0.13849684
0.12462241
0.11157598
0.098605626
0.11643137
0.13715433
0.15167049
0.16075251
0.1662691
0.16959995
0.11265311
0.081281646
0.04836349
0.020324954
0.0012443012
0.0016245797
0.015030582
0.040214188
0.075019924
0.10904311
0.13747092
0.15508333
0.16377702
0.159466
0.14649821
0.13377165
0.12105777
0.10791084
0.13709797
0.15425344
0.16486179
0.17048081
0.17412184
0.17656859
0.12630543
0.094810769
0.060666095
0.029986057
0.010217088
0.0073186599
0.017219132
0.041120241
0.075002585
0.10928591
0.13809126
0.15620639
0.16195858
0.15814789
0.15023066
0.13867263
0.12772592
0.11696811
0.1506315
0.1671
0.17653253
0.18069748
0.18160786
0.18150555
0.14406234
0.11382993
0.079682734
0.046281556
0.021115604
0.0090817351
0.0093917913
0.026614374
0.055959701
0.090330332
0.12277808
0.14704698
0.1601848
0.16355625
0.15566279
0.14475977
0.13447107
0.12406536
0.16698164
0.18040445
0.18581545
0.1864308
0.18544374
0.18394947
0.1569836
0.12448603
0.086442296
0.048809019
0.018671415
0.0041147957
0.0034820146
0.019899309
0.048545524
0.083105732
0.11647877
0.14193639
0.15484243
0.15690592
0.15401051
0.14609455
0.13772378
0.13010748
0.17966939
0.19141814
0.19446368
0.19271578
0.18909717
0.18516763
0.16957069
0.1418877
0.10641386
0.067483312
0.033658692
0.0094481093
-0.001615142
0.0052254203
0.028224001
0.06021997
0.095183543
0.12584199
0.14663033
0.15661664
0.15650827
0.14839052
0.14119228
0.13454328
0.18809414
0.19737146
0.19871882
0.19400747
0.18830508
0.18274893
0.17681455
0.14616876
0.10760539
0.065353633
0.027417038
-0.0021795673
-0.015613001
-0.0098688659
0.012497647
0.045887799
0.082233097
0.1145614
0.13674002
0.1459868
0.14810305
0.14563827
0.14111146
0.13700504
0.19780149
0.20673521
0.20498768
0.19656375
0.1874698
0.17976664
0.1879657
0.16330812
0.12795619
0.085883851
0.043136253
0.0067678109
-0.016505161
-0.020297319
-0.0076251165
0.020472673
0.056325047
0.09202657
0.12086685
0.13873581
0.14686893
0.14500025
0.14124218
0.13843517
0.2007957
0.20431865
0.2008451
0.19239822
0.18205836
0.17245318
0.18895138
0.16169871
0.123807
0.079201625
0.034166644
-0.0051261753
-0.031101871
-0.038644528
-0.027157658
0.00081786109
0.0383448
0.075939859
0.10661477
0.12496174
0.13353372
0.13704934
0.13721409
0.13703896
0.20370834
0.20860849
0.20378969
0.19115999
0.17681836
0.16537156
0.19723609
0.1765217
0.1430388
0.10025539
0.05374214
0.0087611872
-0.026238624
-0.045711608
-0.043995765
-0.023822567
0.0095654098
0.048571975
0.084209949
0.11080677
0.1268846
0.13271063
0.13349793
0.13515115
0.20419604
0.20140736
0.19251853
0.18038769
0.16664975
0.15340572
0.19018988
0.16831937
0.1337473
0.089696057
0.041992661
-0.004580377
-0.04144768
-0.062301529
-0.062492509
-0.043542429
-0.010196873
0.029825222
0.067225471
0.094708355
0.11069158
0.12033161
0.12571667
0.12977704
0.19930451
0.19786137
0.18941234
0.17475384
0.15701953
0.14291139
0.19262492
0.1770684
0.14857369
0.10872364
0.061278705
0.013037397
-0.029616727
-0.061445536
-0.073871627
-0.065021539
-0.037857011
1.885715e-05
0.040145043
0.074170743
0.098250006
0.11202594
0.11830601
0.12440669
0.19529892
0.18687377
0.17355853
0.1582697
0.14243304
0.12691755
0.17795763
0.163096
0.13523733
0.095649028
0.048214077
-0.0015052039
-0.045329495
-0.077669214
-0.090414705
-0.08187851
-0.055494207
-0.017813961
0.02254232
0.057268677
0.080899339
0.096500501
0.10728362
0.11532355
0.18074132
0.17469477
0.16294275
0.14715635
0.12864195
0.11357957
0.17263352
0.16422516
0.14380021
0.11072593
0.067093617
0.017830748
-0.029597798
-0.069542562
-0.093013066
-0.096807428
-0.079480501
-0.046200298
-0.0061546055
0.03262525
0.063273738
0.084302586
0.09654941
0.10719421
0.17069837
0.15989
0.14394835
0.12720045
0.11093409
0.095050374
0.15070314
0.14442951
0.12615967
0.094798799
0.053068034
0.0054951449
-0.042315965
-0.082804262
-0.10752553
-0.11068996
-0.093089995
-0.060500827
-0.021168489
0.017057802
0.046691499
0.067610231
0.083070113
0.09500107
0.14781135
0.13834389
0.1254051
0.11060475
0.093961836
0.080350195
0.13798839
0.1373963
0.12674627
0.10388992
0.068645872
0.024089139
-0.023209146
-0.068702725
-0.10182741
-0.11689291
-0.11041925
-0.084762985
-0.047888539
-0.0086464098
0.026005029
0.052294327
0.069854604
0.084494186
0.13139819
0.11996373
0.10499054
0.089845446
0.075411528
0.061621085
0.10938408
0.11161639
0.10457407
0.085783207
0.05298212
0.013277485
-0.033171514
-0.076695849
-0.11052373
-0.12563709
-0.11864424
-0.093584283
-0.058009159
-0.020645928
0.012247457
0.036693905
0.055426114
0.0702834
0.10144095
0.091173996
0.08031993
0.069028472
0.057031676
0.047576304
0.090028786
0.096652942
0.096649068
0.086276503
0.063152731
0.029034959
-0.013603847
-0.057937833
-0.097460072
-0.12222939
-0.12706559
-0.11087255
-0.080143995
-0.043643077
-0.0088702909
0.019867409
0.040998754
0.058488653
0.080712393
0.070898665
0.060647936
0.050402038
0.040729195
0.031739972
0.056278254
0.066209055
0.070739117
0.065513592
0.0472853
0.019799743
-0.020685646
-0.059466718
-0.097244289
-0.12276505
-0.1269984
-0.1119492
-0.083264174
-0.049468349
-0.017869384
0.0076484508
0.027569686
0.043794648
0.045831736
0.037804994
0.032324327
0.027944385
0.023561199
0.020509252
0.032884484
0.044416701
0.054439874
0.057588064
0.048725546
0.030415571
-0.0021094948
-0.03918011
-0.078383145
-0.10925363
-0.12462782
-0.11998859
-0.098126948
-0.067506622
-0.03602301
-0.0083698789
0.013655658
0.032137756
0.023405282
0.018098663
0.016432693
0.014957682
0.012824344
0.010948517
-0.0035671195
0.010943021
0.026299102
0.036189913
0.03368729
0.021073191
-0.0053781024
-0.036049661
-0.069836036
-0.099218084
-0.11384884
-0.11060774
-0.09207764
-0.065518362
-0.038630211
-0.015328893
0.0033368416
0.018885201
-0.012927656
-0.014641285
-0.010429901
-0.0049297671
-6.8967177e-05
0.0049918542
-0.027079091
-0.014243666
0.0024936421
0.018379593
0.027378025
0.023527385
0.007504647
-0.016577084
-0.049017349
-0.078735579
-0.10057565
-0.10758764
-0.097405239
-0.076132422
-0.051306195
-0.027940957
-0.0080958698
0.0088906543
-0.032181716
-0.028023002
-0.018685467
-0.009766458
-0.003242658
0.0033329076
-0.061203656
-0.046071864
-0.024311492
-0.0027058103
0.012259516
0.017060249
0.0080523249
-0.011732945
-0.034980702
-0.060708055
-0.080818659
-0.087742056
-0.081171879
-0.065044206
-0.045990339
-0.028250727
-0.013428848
-0.00080853107
-0.064887554
-0.055977199
-0.03969104
-0.023204006
-0.0088883661
0.0027644681
-0.080145243
-0.069598865
-0.049713607
-0.026315021
-0.0043569273
0.01147725
0.014400999
0.0032502717
-0.015319543
-0.038704036
-0.05995749
-0.074311828
-0.076088138
-0.066610209
-0.051436312
-0.035308682
-0.020385119
-0.0074854388
-0.076623006
-0.059433857
-0.037504752
-0.018325149
-0.003241733
0.0092499175
-0.10771767
-0.096326232
-0.072485926
-0.043022775
-0.014059733
0.0063777619
0.016733547
0.0089518653
0.0009023143
-0.015877242
-0.034306075
-0.047174989
-0.051339789
-0.046912923
-0.038106812
-0.028293131
-0.019450907
-0.011719739
-0.10106757
-0.078135564
-0.049286738
-0.023048112
-0.0010424068
0.015380743
-0.11741975
-0.11438009
-0.095003477
-0.06668954
-0.036508546
-0.0095176489
0.012630639
0.020469593
0.018634581
0.0037776123
-0.011755866
-0.027034822
-0.037335915
-0.039479473
-0.035397294
-0.028493455
-0.020695149
-0.01405967
-0.10012622
-0.068613979
-0.035802295
-0.0090785153
0.01155006
0.028106085
-0.13239024
-0.13023892
-0.10840188
-0.076235226
-0.04129679
-0.0087798315
0.019280374
0.031703565
0.033824103
0.02838663
0.016459549
0.0031712534
-0.0074319559
-0.013403679
-0.015166016
-0.014661995
-0.013393077
-0.01174493
-0.11142203
-0.074704311
-0.036592119
-0.0045928606
0.02121546
0.03960834
-0.12769973
-0.1383205
-0.12556053
-0.096764562
-0.061478795
-0.026076735
0.0060754285
0.029249317
0.044387572
0.045520328
0.036923752
0.025412384
0.012588052
0.0018837524
-0.0048444918
-0.0077678827
-0.0082421349
-0.0090910086
-0.095139268
-0.052729044
-0.014111968
0.015716077
0.038346023
0.056618886
-0.12720394
-0.13927567
-0.12557676
-0.094858212
-0.057251745
-0.018756323
0.016041177
0.045299513
0.060239524
0.067172332
0.064671923
0.054613153
0.042192412
0.030007427
0.019603905
0.011218404
0.0047721343
-0.00066286245
-0.09141782
-0.046447076
-0.0047741031
0.027727727
0.053287873
0.071344255
-0.10629759
-0.13257775
-0.13259204
-0.10919354
-0.074111247
-0.035471036
0.0024708798
0.037547465
0.062547681
0.078787731
0.08020285
0.074058816
0.062776197
0.048662435
0.035314533
0.024136585
0.015782593
0.0075262429
-0.063003578
-0.016593586
0.021993407
0.050350293
0.072469782
0.09051567
-0.090723179
-0.1177825
-0.11947486
-0.097339832
-0.062103211
-0.021717625
0.019041423
0.055469454
0.082612618
0.099364647
0.10625112
0.1016885
0.090389351
0.075731175
0.060412605
0.045584049
0.032657164
0.020984747
-0.047514956
-0.00066748106
0.037290002
0.066594489
0.090069275
0.10657749
-0.060295431
-0.096851905
-0.11167684
-0.10149057
-0.07307023
-0.035303959
0.0051709635
0.045857536
0.079908554
0.10504367
0.11812768
0.11715182
0.10916453
0.095161217
0.078513884
0.062273537
0.048036151
0.033351956
-0.013636891
0.030064801
0.063956108
0.089147257
0.10947433
0.12593083
-0.036762168
-0.072379781
-0.088775222
-0.082070519
-0.05552936
-0.017374014
0.02451808
0.066856055
0.10268528
0.12670836
0.14000228
0.14368201
0.13466299
0.1199666
0.10244402
0.083980298
0.066846744
0.05046017
0.0085418053
0.049258379
0.081961467
0.10726965
0.12759785
0.14191861
-0.003612996
-0.044462739
-0.070463456
-0.074883315
-0.05809378
-0.026689518
0.012742314
0.054398333
0.094672555
0.12753044
0.15019761
0.15568597
0.15026545
0.13828442
0.12110196
0.10231667
0.08449275
0.065441011
0.040534241
0.07761725
0.10655233
0.12814216
0.1459487
0.16024788
0.021147488
-0.018483733
-0.045140346
-0.052282381
-0.038250487
-0.0074773505
0.032944683
0.076753094
0.11855869
0.14987193
0.16920446
0.17693313
0.17347907
0.16016696
0.14249042
0.12265778
0.10351362
0.084329104
0.061915258
0.097010072
0.12489766
0.14620124
0.16319291
0.17521961
0.051641614
0.010783799
-0.021676165
-0.037938141
-0.034266371
-0.012438155
0.022046369
0.064489877
0.10764329
0.14522654
0.17249545
0.18913727
0.18593194
0.17570553
0.1600645
0.14089266
0.12151653
0.10032009
0.090297967
0.12213817
0.14663952
0.16475485
0.17979823
0.19172315
0.072096514
0.033104683
0.00035398143
-0.017411214
-0.014845242
0.0061821443
0.040806986
0.08457477
0.12967935
0.16825014
0.19217025
0.20418136
0.20577321
0.19484069
0.17817986
0.1586908
0.13933471
0.11924575
0.10899465
0.13979484
0.1637622
0.18157016
0.19532868
0.20507756
0.099591733
0.061128046
0.025155562
0.00034506701
-0.0073796699
0.0032211868
0.031182727
0.070497586
0.11531787
0.15771777
0.19040887
0.21124293
0.21782726
0.20735074
0.19341995
0.17542377
0.15618681
0.13485129
0.13411766
0.16192658
0.18279781
0.19771303
0.20977653
0.21918511
0.11470868
0.077421661
0.042071046
0.016769471
0.008291286
0.018403023
0.045648419
0.085682777
0.13241307
0.17712391
0.20915385
0.2243733
0.22893901
0.22320972
0.20802771
0.1899481
0.17170724
0.15240598
0.14904662
0.1771682
0.19805068
0.21269396
0.22314515
0.23040627
0.14019252
0.10335562
0.065935817
0.034584094
0.016937172
0.015345687
0.036079549
0.069820312
0.11398365
0.16040916
0.19980495
0.22583827
0.23899067
0.23393924
0.21988391
0.2041346
0.18631447
0.16656287
0.17232917
0.19712685
0.21470589
0.22636213
0.23502078
0.24150828
0.15086943
0.11337986
0.076382669
0.047621005
0.02990715
0.02549398
0.042701279
0.076862694
0.12223303
0.17108174
0.21339551
0.23669202
0.24303204
0.24233998
0.23084785
0.21485916
0.19870361
0.18163701
0.18385157
0.20946724
0.22774127
0.23915657
0.24589956
0.25004818
0.17563681
0.13766007
0.09741584
0.062332102
0.033476295
0.026332741
0.03491102
0.059098315
0.1002485
0.14798226
0.19442759
0.22915446
0.24697342
0.25253775
0.23944368
0.22553491
0.21030289
0.19346563
0.20603514
0.22820398
0.24230981
0.24999071
0.25462613
0.25743434
0.18372001
0.14522604
0.10498731
0.067986745
0.03744824
0.028211142
0.035269281
0.056920738
0.098069165
0.14734934
0.19701245
0.23437614
0.24767991
0.25022043
0.24537446
0.23216425
0.2189358
0.20517329
0.215352
0.23840887
0.25266881
0.25996855
0.26239598
0.26294611
0.20379867
0.16514498
0.1231921
0.082147794
0.04943887
0.030824102
0.02730368
0.041166963
0.07419019
0.11879938
0.16933015
0.21434303
0.2435432
0.25563131
0.25231278
0.23853018
0.22681758
0.21391224
0.2351823
0.25526412
0.26490273
0.26747547
0.26700609
0.26549889
0.21297327
0.17190471
0.12564727
0.081582883
0.044914257
0.022055538
0.016217462
0.028642474
0.060979665
0.10702587
0.16043001
0.20958863
0.23896991
0.24721036
0.24809375
0.24057854
0.23107552
0.22141647
0.24504866
0.26487355
0.27308259
0.27383587
0.27110031
0.26698009
0.22943095
0.1907413
0.14562241
0.099178886
0.059436879
0.029773472
0.012345584
0.01387274
0.034381734
0.073777822
0.12477704
0.17816978
0.22069483
0.24420575
0.25202619
0.24307109
0.23479911
0.22675449
0.2579595
0.2752751
0.28073782
0.27699862
0.27043847
0.26377081
0.23413111
0.19042358
0.14229516
0.093040718
0.049406941
0.015331769
-0.006815432
-0.0093133522
0.010298746
0.05093282
0.10535162
0.16312632
0.20961715
0.22958222
0.23822243
0.23879324
0.23393523
0.22924702
0.26700718
0.28541144
0.28801904
0.27998374
0.26968117
0.26011131
0.25022205
0.21131665
0.16374356
0.11473576
0.065840783
0.02483487
-0.0054009048
-0.019047017
-0.012019684
0.015799959
0.063942448
0.12215055
0.17717724
0.21607478
0.2349793
0.23771177
0.23273706
0.23045914
0.27483801
0.28593168
0.28556901
0.27626747
0.26288642
0.25063811
0.25021086
0.20712591
0.15606842
0.10362184
0.053418531
0.0087967142
-0.025090119
-0.044389597
-0.042248916
-0.01486864
0.035365377
0.098112456
0.15755395
0.19729063
0.2150134
0.22439412
0.22633441
0.2273754
0.27888468
0.29211526
0.29042678
0.27548855
0.25653974
0.24185649
0.26502162
0.22872168
0.18005093
0.12557645
0.073170936
0.024984421
-0.016149695
-0.046179091
-0.058908432
-0.046186583
-0.0075952825
0.051217137
0.11551416
0.16918955
0.20288811
0.21817844
0.22005253
0.22369736
0.28298905
0.28555706
0.27686548
0.26160457
0.24325686
0.22640152
0.25889779
0.21954915
0.16854028
0.11297092
0.059323924
0.0090549774
-0.035647678
-0.070186693
-0.088041142
-0.078063617
-0.038804673
0.022413888
0.089873007
0.14695231
0.17832147
0.19737321
0.20774887
0.21481401
0.28044565
0.28449464
0.27455137
0.25521831
0.23097873
0.21310267
0.26713543
0.23849671
0.19328867
0.13822054
0.082457645
0.028491491
-0.020216376
-0.062417417
-0.092704872
-0.10086273
-0.077539947
-0.024849051
0.042983369
0.10815426
0.15612635
0.18432426
0.19624805
0.20635435
0.27667905
0.26879134
0.2523781
0.2327042
0.21206612
0.19308065
0.2516855
0.22132516
0.17585375
0.12249443
0.068444018
0.015509884
-0.034891652
-0.081252057
-0.11606021
-0.12814001
-0.10455013
-0.050997406
0.018249203
0.084672298
0.13038822
0.15943057
0.17850145
0.19191818
0.26329638
0.25775206
0.24068539
0.21885854
0.19438717
0.17652861
0.2481144
0.23085801
0.19546158
0.1462645
0.091186974
0.03655336
-0.015952935
-0.065610266
-0.10844392
-0.13502896
-0.13168917
-0.09159392
-0.026838416
0.042400143
0.099943263
0.13935714
0.16209034
0.17933856
0.24749126
0.23304684
0.2124196
0.19197165
0.17266731
0.15490621
0.21447092
0.19962595
0.16838777
0.12473874
0.076045094
0.026803332
-0.023506479
-0.074043057
-0.12000646
-0.14995668
-0.14717443
-0.10748858
-0.043756298
0.023309278
0.078238439
0.11494633
0.14096927
0.16030817
0.21625205
0.20717386
0.19033373
0.17100666
0.15165705
0.13765002
0.19515356
0.19007172
0.17247399
0.13953619
0.095756794
0.046437081
-0.0033017076
-0.053681315
-0.10203196
-0.14075465
-0.15476711
-0.13374342
-0.080542429
-0.015082224
0.044385311
0.090181621
0.12110328
0.14453325
0.19090362
0.17862963
0.16114753
0.14547768
0.13129779
0.11812646
0.1432798
0.1419088
0.1340028
0.10926319
0.076795551
0.036812905
-0.0055561884
-0.051310066
-0.09813858
-0.13689214
-0.15181412
-0.1317322
-0.082368346
-0.022711079
0.030795508
0.070370824
0.10005129
0.12314282
0.1412566
0.1378412
0.1307556
0.12025628
0.11029205
0.10308303
0.11222288
0.1155546
0.11604163
0.10513292
0.085095824
0.052998327
0.01296722
-0.029323729
-0.073121348
-0.11405464
-0.14072702
-0.13851876
-0.10408617
-0.051709781
0.0015097458
0.045393876
0.079124629
0.10630221
0.11235869
0.11280052
0.1078771
0.10150711
0.095468008
0.08936231
0.049527996
0.052188415
0.060965178
0.069417875
0.061691506
0.042713455
0.013243258
-0.020376285
-0.058476909
-0.095171436
-0.1187469
-0.11688933
-0.088179486
-0.044725996
-0.0012234277
0.034411356
0.062696383
0.085877814
0.055536014
0.06639969
0.074995576
0.077296898
0.078371532
0.079201093
0.018463846
0.015625289
0.027379959
0.044795697
0.053664387
0.046361518
0.027271149
-0.0012184727
-0.033689895
-0.066634787
-0.094402803
-0.1055969
-0.092126638
-0.059744554
-0.020858183
0.014510774
0.044665243
0.070617505
0.033567458
0.051546412
0.062791691
0.068409038
0.071681242
0.073618864
-0.043375558
-0.049879781
-0.032226441
0.0014004391
0.027490118
0.038006617
0.027802885
0.011499368
-0.01299453
-0.039994118
-0.062744025
-0.071855134
-0.062333662
-0.038914503
-0.010841137
0.01381846
0.035970404
0.055084084
-0.018481772
0.011761799
0.035256877
0.050646526
0.061759063
0.069598411
-0.060583641
-0.081762279
-0.074155883
-0.041044263
-0.001942476
0.02664932
0.033969082
0.025025933
0.0070360275
-0.013468064
-0.034596925
-0.050030851
-0.051782453
-0.039465611
-0.019124468
0.0023260316
0.024401339
0.044089275
-0.024469514
0.010724949
0.035843108
0.052187656
0.063538383
0.072041511
-0.11046521
-0.13898817
-0.13004149
-0.083403215
-0.027230221
0.014455002
0.033840418
0.038674379
0.029462726
0.01562926
-0.0012096952
-0.012920356
-0.015935311
-0.010111627
0.00036229263
0.01226845
0.024781872
0.036561265
-0.063094026
-0.015699637
0.018564093
0.043552706
0.061639345
0.074201509
-0.1050897
-0.1495681
-0.16065013
-0.12829097
-0.071199502
-0.017939481
0.022089883
0.043945757
0.043065007
0.035799697
0.024653099
0.012323612
0.0032834525
0.00033136257
0.0039221425
0.011155534
0.021457342
0.031678756
-0.050392332
-0.001704144
0.030785322
0.053976361
0.070086938
0.082668033
-0.13206546
-0.18151806
-0.19264822
-0.15292135
-0.083766473
-0.019536652
0.026394717
0.050829585
0.064670037
0.063769471
0.056475995
0.046461258
0.037429995
0.031072367
0.029002105
0.028322054
0.029738133
0.033104246
-0.069623623
-0.013721074
0.02569509
0.054444871
0.075546653
0.090348277
-0.10646502
-0.16747166
-0.20068053
-0.18371226
-0.12349659
-0.053104625
0.0032402448
0.044251169
0.070292012
0.076114484
0.075147222
0.068549096
0.058128627
0.047554504
0.040031292
0.035820693
0.03474288
0.034746509
-0.042479215
0.0099452818
0.045582645
0.070419205
0.088429082
0.10291332
-0.10940897
-0.16925927
-0.19661839
-0.17455521
-0.1145464
-0.044326879
0.019912269
0.059578163
0.087688188
0.10278133
0.10393545
0.098009867
0.088140881
0.076712411
0.066096436
0.056286722
0.048641501
0.043328814
-0.043671023
0.011051262
0.05000819
0.077809934
0.099063215
0.11397872
-0.072497256
-0.13805235
-0.18468116
-0.18470121
-0.13755713
-0.070060398
-0.0019341603
0.047752725
0.087500277
0.10807739
0.11494599
0.11484505
0.10727453
0.094834223
0.081688505
0.069137355
0.060066413
0.051361778
-0.009453252
0.038731497
0.073025401
0.09615371
0.11405867
0.12884617
-0.059421696
-0.11910104
-0.15749849
-0.15445257
-0.1117417
-0.049590062
0.013323473
0.065379096
0.10352591
0.12878258
0.14159657
0.14108308
0.13300778
0.12054232
0.10605634
0.090651223
0.076943563
0.06500819
0.0011757061
0.048720589
0.083349152
0.10786435
0.12762469
0.14159279
-0.019541077
-0.081275211
-0.13120673
-0.14720905
-0.12068121
-0.066670006
-0.0054686404
0.050522671
0.09781172
0.13377317
0.14767127
0.15188874
0.14884735
0.13802676
0.12317105
0.10668398
0.092227885
0.077290044
0.035124227
0.076139531
0.10577183
0.12641716
0.14310519
0.15714539
0.0011660146
-0.054367535
-0.096332167
-0.10947859
-0.086997309
-0.039664221
0.017055442
0.070099259
0.11448455
0.147803
0.1686851
0.17581674
0.17119688
0.15988003
0.1447585
0.12714988
0.11019566
0.094041889
0.050990572
0.089708741
0.11949715
0.14050453
0.15774445
0.17033635
-0.017396652
0.036839409
-0.065737611
-0.091903309
-0.084149135
-0.047328675
0.0038554691
0.057335589
0.10595859
0.14648074
0.17407454
0.18217304
0.18219873
0.17539968
0.16141856
0.14406291
0.12707931
0.10858511
0.081562308
0.11485316
0.13948678
0.15745056
0.1725267
0.18533699
0.0085455139
0.056915051
-0.034209593
-0.057379981
-0.051487172
-0.019158727
0.027854771
0.079329327
0.12745831
0.16611848
0.18750148
0.20414384
0.20350187
0.19419605
0.18008526
0.16254995
0.14467313
0.12654403
0.097526332
0.12949101
0.15394644
0.17207752
0.18702666
0.19830805
-0.0043912667
0.041840021
0.087124488
-0.036221998
-0.042706305
-0.021730259
0.019016526
0.067606155
0.11672404
0.15981886
0.19232567
0.2101656
0.21076326
0.20658604
0.19535863
0.17888099
0.16141585
0.1417223
0.12354137
0.15060323
0.17130628
0.18687496
0.20041511
0.21227023
0.018337212
0.060119117
0.10259517
-0.010558182
-0.016112388
0.0038315725
0.042965607
0.090033198
0.13875267
0.18011728
0.20954228
0.22419189
0.23202167
0.22433745
0.21142754
0.19514463
0.17780535
0.15935142
0.13697198
0.16329105
0.18448438
0.2006715
0.21424939
0.22475034
0.0092515155
0.045293291
0.088571517
0.12830494
-0.0067083557
0.0030176564
0.03454834
0.078174327
0.1269058
0.17162542
0.2074615
0.23501539
0.23902913
0.23280801
0.22462782
0.21019413
0.19337446
0.17406401
0.158998
0.18235478
0.20038162
0.21437699
0.22644716
0.23756446
0.026483471
0.058832512
0.1000172
0.13844081
0.013294828
0.025022318
0.057368681
0.10164936
0.15008119
0.19461509
0.22675209
0.24532801
0.25522057
0.2511662
0.23896325
0.22418828
0.20815322
0.19052874
0.16861745
0.19237421
0.21130403
0.22653118
0.23920301
0.24943751
0.04461084
0.021546128
0.083818792
0.12635914
0.16350996
0.02203845
0.046092662
0.086954352
0.13602407
0.18342123
0.22182668
0.24853541
0.26565576
0.25807428
0.24920034
0.23759064
0.22205512
0.20410711
0.19081319
0.21223199
0.22764535
0.23981228
0.25093792
0.26133282
0.056102241
0.036327732
0.092630348
0.13240129
0.16914176
0.040276395
0.067506835
0.11111727
0.16094367
0.2075181
0.24449409
0.26546086
0.27251959
0.2749848
0.26323375
0.24938033
0.2349404
0.21887223
0.1970197
0.22122968
0.23698638
0.2507193
0.26267118
0.27250291
0.072733522
0.042328686
0.033858689
0.11732045
0.15991561
0.19688375
0.05151594
0.091705741
0.1418674
0.19294496
0.23554177
0.26494691
0.28291785
0.28292361
0.27037015
0.26060395
0.24700585
0.2309236
0.22243979
0.24188377
0.25417762
0.26441161
0.27428553
0.28362083
0.076231104
0.049134919
0.045765246
0.11860833
0.16167858
0.19814673
0.069275483
0.11445582
0.1671336
0.21681089
0.25688901
0.28221595
0.29035482
0.29152213
0.28395193
0.27042034
0.25764189
0.24361351
0.22666919
0.24881068
0.26263165
0.27474375
0.28533733
0.29388968
0.05301501
0.087921429
0.037390513
0.050047362
0.13586406
0.18268011
0.22404325
0.088430264
0.14146465
0.19717718
0.24441341
0.2768379
0.29487138
0.30347884
0.29026256
0.27860981
0.26769047
0.25384942
0.25361167
0.27124618
0.28069251
0.28873603
0.29650192
0.30382833
0.037609187
0.071322892
0.027737367
0.047630123
0.11847806
0.1762272
0.22931659
0.09510188
0.15401357
0.21324311
0.26000096
0.29060042
0.30182666
0.30202686
0.29974491
0.28683208
0.27559581
0.26397671
0.2633879
0.27768549
0.28801166
0.29881278
0.30673315
0.31253041
0.012899615
0.037737486
0.079373922
0.024188536
0.062706411
0.13037907
0.19003055
0.24358091
0.12061935
0.18511971
0.24129429
0.2808023
0.30157592
0.31134653
0.30670966
0.29168341
0.2829894
0.27204389
0.28186755
0.2988758
0.30751489
0.31201101
0.31608953
0.32009308
-0.029634184
-0.01308692
0.041924736
-0.0054676657
0.042421941
0.12003377
0.19035626
0.25451304
0.11136718
0.18326014
0.24339529
0.28508359
0.30431651
0.30650128
0.30608087
0.29714629
0.28783181
0.27911018
0.29549309
0.31097762
0.3173762
0.3209365
0.32433029
0.32617659
-0.043574113
-0.046762913
-0.00058850098
0.075596091
-0.0080350003
0.065240292
0.15332574
0.21077847
0.25465522
0.14195292
0.2130155
0.26661061
0.29695154
0.30990155
0.31374982
0.29970675
0.29204839
0.28481242
0.29721557
0.32264909
0.33169375
0.33117931
0.33007344
0.32950916
-0.10216717
-0.10768626
-0.051876042
0.043963125
-0.047556387
0.035754341
0.1327125
0.20958197
0.26843792
0.11907377
0.19835126
0.25648811
0.29011373
0.29959396
0.30241274
0.29971265
0.29300571
0.28795636
0.3186204
0.34079821
0.34303108
0.33804139
0.33474324
0.33168727
-0.10179871
-0.13417968
-0.10150521
-0.018611782
0.078847619
-0.027312757
0.06283868
0.16345174
0.22927454
0.28328335
0.15190292
0.22508912
0.27266925
0.29535084
0.305339
0.30028917
0.29311305
0.29043728
0.31798358
0.33778818
0.34709926
0.34199064
0.33542488
0.32967578
-0.15922689
-0.19712572
-0.1533098
-0.047936948
0.064462651
-0.072959998
0.029597839
0.15932034
0.23364818
0.29147719
0.12262739
0.20174047
0.25450586
0.27724717
0.28655904
0.29133353
0.28940247
0.28888303
0.33509569
0.35618539
0.35820643
0.34592447
0.3349238
0.32711785
-0.20487992
-0.13618698
-0.19915204
-0.11707658
-0.001730744
0.10728409
-0.034725988
0.065617581
0.19846256
0.26281925
0.30296371
0.15593305
0.22407384
0.2637769
0.28221545
0.28869521
0.28512725
0.28709433
0.32945857
0.34316277
0.34793251
0.34179496
0.32996283
0.31946718
-0.23151267
-0.1689729
-0.21367392
-0.11995383
-0.0039563213
0.099938438
-0.068985596
0.036312823
0.18591163
0.25026403
0.3001796
0.12851649
0.1985185
0.24042514
0.25831534
0.27066369
0.27595018
0.2804278
0.3420946
0.35489464
0.35204823
0.33965475
0.3238987
0.31203104
-0.23727945
-0.21431069
-0.12867233
-0.1757605
-0.067647923
0.043075679
0.14010681
-0.023462155
0.075617464
0.22088791
0.2853434
0.32349761
0.15767023
0.21524324
0.24613731
0.26254092
0.26695438
0.27417344
0.33526938
0.34362178
0.33776185
0.32783038
0.31354374
0.29909314
-0.21632364
-0.20464201
-0.1338602
-0.15367051
-0.055056528
0.042914568
0.13151614
-0.03916227
0.054960318
0.20720401
0.2703551
0.31009097
0.13452742
0.19102301
0.22001508
0.23948201
0.25263301
0.2624741
0.33363274
0.34061009
0.33423961
0.31983573
0.30213579
0.28750174
-0.17850689
-0.20936695
-0.16980915
-0.087880377
-0.098021409
-0.0029077316
0.087467831
0.16911863
0.0055482359
0.091331632
0.24033702
0.30210154
0.31562362
0.15890965
0.20066575
0.22560821
0.2392621
0.2522716
0.3220801
0.32145649
0.31661478
0.30353374
0.28734922
0.26980583
-0.13636815
-0.16413388
-0.13816932
-0.074704816
-0.070974907
0.0044708002
0.080280563
0.1532718
0.004181667
0.080252453
0.2213373
0.27215788
0.30809185
0.14058772
0.17753856
0.20224638
0.22168737
0.23661689
0.3149362
0.31045936
0.30409075
0.28968862
0.27119554
0.25446641
-0.13483881
-0.08677161
-0.1404742
-0.099106408
-0.030656449
-0.021179705
0.049134755
0.12003321
0.18668048
0.044373029
0.10859049
0.23893823
0.26563479
0.29248131
0.30308738
0.15444928
0.18431332
0.20520481
0.223208
0.30254165
0.2934034
0.28591704
0.27067334
0.25254978
0.23258685
-0.083610566
-0.052516057
-0.086060009
-0.059368607
-0.0099377945
-0.0073431949
0.045561458
0.10584273
0.16692624
0.048001636
0.10210836
0.21739218
0.25026861
0.26578088
0.28436095
0.1390067
0.16550387
0.18769178
0.20576857
0.28494165
0.27406894
0.26620951
0.25171573
0.23247773
0.2143766
-0.044792367
-0.063355843
-0.01259765
-0.058608766
-0.024425485
0.0242676
0.030486505
0.082141045
0.13716823
0.18632892
0.075803239
0.1171822
0.22291356
0.24249379
0.26218609
0.26981632
0.14685023
0.17064075
0.1910598
0.27009063
0.25762064
0.24803954
0.2306787
0.21078561
0.18982215
-0.011084036
-0.018135443
0.0044321919
-0.01277549
0.010570406
0.04429464
0.031913781
0.073898929
0.11876344
0.16146475
0.080896372
0.11099191
0.19427302
0.21483609
0.23343274
0.24647716
0.13540973
0.15649194
0.17458948
0.24457989
0.23147045
0.22390726
0.20806607
0.18787538
0.17011832
0.0048020208
0.014746683
0.0014593786
0.032061162
0.011861672
0.0348048
0.064868557
0.061610578
0.097718204
0.13413469
0.16463661
0.09359888
0.11990129
0.186355
0.2024117
0.21849118
0.22957614
0.14159765
0.16095499
0.23036498
0.21749659
0.20476656
0.18512758
0.16505034
0.14565644
0.030766454
0.028724287
0.036018224
0.036465801
0.044243773
0.059296274
0.078959449
0.055935354
0.080233555
0.10735374
0.12930171
0.098711272
0.11654152
0.14710784
0.16529078
0.18708484
0.20423354
0.13293331
0.14803941
0.20133002
0.19043828
0.17880454
0.16052156
0.1412993
0.12641238
0.048745787
0.046012749
0.046471805
0.051334828
0.0553163
0.057516534
0.069761831
0.08790976
0.071179385
0.088076754
0.10326171
0.11499347
0.10627874
0.12239851
0.13132045
0.14975986
0.1740022
0.1918011
0.13738058
0.19309021
0.17643683
0.15747055
0.13769754
0.12052888
0.10535851
0.062635731
0.055893531
0.052734861
0.06974765
0.053317621
0.077283056
0.086216422
0.097935871
0.057139011
0.061091504
0.064584172
0.068584046
0.1085979
0.11893575
0.08566912
0.1104996
0.14673707
0.16727917
0.12938336
0.16053323
0.15065662
0.13281458
0.11364142
0.098705263
0.088518435
0.068088949
0.073847704
0.063220959
0.060822357
0.077917792
0.060212562
0.081608886
0.09087803
0.10239818
0.055188546
0.047584545
0.0442145
0.047211874
0.11317977
0.12278373
0.065287363
0.101479
0.14131015
0.16468445
0.15399153
0.13301717
0.11141841
0.094699581
0.082746243
0.07315502
0.075236815
0.080691069
0.070214875
0.060987138
0.086534953
0.048659117
0.092132099
0.099658761
0.10683226
0.028401098
0.0039910695
-0.0087370207
-0.0038712032
0.11289412
0.11891358
0.021952381
0.074591718
0.11933711
0.1385899
0.13160438
0.11071273
0.089991639
0.07420297
0.0657563
0.060925235
0.076605632
0.080368143
0.084959862
0.07156486
0.061068475
0.089456909
0.036258249
0.096017383
0.10334494
0.11046043
0.0048529664
-0.02773314
-0.041764836
-0.029086293
0.11567953
0.01789918
0.079438421
0.12930315
0.13728929
0.11666577
0.092371964
0.072881952
0.061451397
0.056296998
0.05300339
0.084078817
0.086113415
0.090250741
0.074684094
0.053601971
0.094846974
0.01332502
0.10057743
0.10679658
0.11100278
-0.032757739
-0.079520748
-0.096361042
-0.074256566
0.11428655
-0.0086221168
0.061363677
0.11426493
0.1180806
0.099030193
0.074952743
0.056602695
0.04622123
0.045100884
0.046077955
0.083765073
0.085953953
0.086908349
0.091190941
0.071413439
0.037081461
0.0959397
-0.016497143
0.10381638
0.11014819
0.11360764
-0.081249102
-0.1255167
-0.12779623
-0.073687282
0.014602297
0.090301584
0.12211574
0.10875301
0.082761983
0.06090527
0.046599724
0.040781596
0.042363898
0.045584603
0.092558859
0.095578508
0.094188962
0.096276658
0.070250144
0.02378148
0.1002276
-0.04976566
0.10690486
0.11073111
0.11306627
-0.12926111
-0.17669341
-0.16807552
-0.096248374
0.0014462699
0.082957359
0.10859419
0.096775306
0.070400998
0.04885688
0.036166461
0.032516845
0.037867394
0.043756866
0.089295325
0.096743012
0.094280485
0.092306889
0.095631961
0.056799251
-0.020190026
0.1038499
-0.10635335
0.11053969
0.11403753
-0.18687979
-0.21328052
-0.1630831
-0.053978471
0.047537546
0.10440802
0.10388967
0.082615111
0.057909904
0.040562609
0.032406003
0.033745033
0.042014118
0.050550682
0.098271391
0.1133843
0.10808701
0.10390807
0.10404853
0.053264493
-0.035023359
0.1080137
-0.13702865
0.11209345
0.11412758
-0.22036552
-0.23423094
-0.17197084
-0.056940706
0.047813728
0.098325613
0.096878266
0.075523248
0.0487219
0.034480951
0.02837985
0.032059505
0.043504875
0.05255521
0.089640964
0.113968
0.11312077
0.10616924
0.10296224
0.10613512
0.015946218
-0.092914914
0.11293077
-0.20088016
0.1167719
-0.2591217
-0.221573
-0.11188138
0.0044054541
0.081495446
0.10108206
0.087116751
0.061059289
0.04230513
0.031751781
0.03126414
0.039674195
0.053906462
0.065342728
0.096867688
0.13472194
0.13528484
0.1266779
0.11936062
0.11695945
0.018248835
-0.10194584
0.11836073
-0.20848335
0.11926492
-0.25135842
-0.20599872
-0.096308807
0.016561477
0.083403847
0.095311526
0.079245242
0.056870838
0.037751312
0.029674778
0.032313064
0.043537339
0.060019233
0.0701214
0.074624705
0.1338068
0.14247809
0.13686958
0.12593375
0.1210665
0.12286026
-0.033605504
-0.15874082
0.12443195
-0.24239377
-0.23201507
-0.13801841
-0.029038762
0.057671121
0.092052722
0.087685784
0.064114446
0.052815398
0.035894458
0.032652819
0.040675712
0.056322428
0.075364112
0.086869591
0.082879484
0.16104948
0.17497162
0.16534138
0.15065384
0.1401461
0.13536074
-0.018784644
-0.13958697
0.13179582
-0.20258864
-0.18359684
-0.098992539
-0.00068176288
0.068344894
0.08934167
0.08157302
0.062775465
0.041486093
0.032324242
0.033323734
0.044769575
0.06388459
0.082792284
0.09294026
0.054126654
0.1504002
0.18531173
0.17984866
0.16487246
0.15193236
0.14563206
0.14017154
-0.061718479
-0.1568754
-0.17937628
-0.11964949
-0.037609456
0.039768313
0.080401203
0.0843573
0.070950689
0.055302729
0.037371814
0.033572218
0.03262607
0.04030849
0.057633393
0.079694249
0.10122531
0.11035404
0.085037123
0.17581382
0.21974061
0.21566094
0.19691017
0.17813955
0.1651569
0.1545209
-0.032264732
-0.097910457
-0.099725724
-0.052884739
0.0085588531
0.059724315
0.080284808
0.075916472
0.058361575
0.030286235
0.025265188
0.021632722
0.026469222
0.039572539
0.061541252
0.089693408
0.10896564
0.11694934
0.059279952
0.1737105
0.22436736
0.23039603
0.21619467
0.19686181
0.18216617
0.16826716
-0.034065486
-0.06735508
-0.050898328
-0.008433029
0.038510415
0.069278326
0.072715623
0.059253
0.037014625
0.020234339
0.017794318
0.019746643
0.031264023
0.049723243
0.079094255
0.110057
0.12608321
0.13443956
0.091157198
0.19876508
0.27122109
0.27102731
0.25307473
0.22795554
0.20699872
0.18887082
0.023919391
0.022126895
0.032763406
0.049318622
0.068032761
0.073545125
0.061240188
0.037206921
0.0090081197
-0.0069849215
-0.0081644134
0.00053711122
0.020028721
0.047136001
0.08367519
0.11814224
0.13625999
0.14162584
0.10210237
0.17102407
0.2594252
0.29146708
0.28959884
0.27456375
0.25045745
0.22886071
0.20673981
0.064132351
0.05862241
0.057465078
0.063035424
0.068772565
0.056770749
0.032241253
0.0031324507
-0.018688926
-0.02246124
-0.012556639
0.0037225973
0.029552618
0.06084229
0.090244709
0.10401856
0.12941373
0.14968105
0.15854643
0.13705124
0.20123696
0.2626705
0.32276413
0.31853213
0.30825636
0.28177285
0.25539777
0.2313746
0.14934429
0.15022367
0.12168338
0.10114197
0.077266463
0.040991118
-0.0022806632
-0.041751275
-0.067817052
-0.06812587
-0.053706551
-0.025854049
0.01170541
0.050920359
0.084339962
0.10885882
0.13964821
0.1590736
0.16539537
0.21579902
0.18815598
0.29790687
0.34509148
0.32965385
0.33079007
0.30375287
0.27781619
0.25095923
0.18237338
0.15480334
0.12192017
0.089406984
0.045475854
-0.0068669104
-0.055149929
-0.095451558
-0.10222171
-0.088044947
-0.053710322
-0.015983586
0.025352208
0.062645504
0.10328791
0.12702868
0.15134379
0.17205284
0.18349673
0.23683693
0.23590803
0.30834997
0.36210624
0.35168121
0.35273792
0.32896915
0.30173211
0.27564732
0.26252041
0.22863138
0.16345842
0.10109976
0.027780574
-0.050015663
-0.11459653
-0.17144072
-0.1820954
-0.15503151
-0.10649015
-0.052919071
0.00054047112
0.049272853
0.095438204
0.1299406
0.16068094
0.18201803
0.19255683
0.28680215
0.28780723
0.32491303
0.37681708
0.37027681
0.3470954
0.36530802
0.32017725
0.29363562
0.27020599
0.21101726
0.13778716
0.054328303
-0.039234975
-0.1247679
-0.19251396
-0.23576173
-0.22222211
-0.16915333
-0.099712984
-0.037214796
0.019197722
0.070045763
0.11399873
0.14697494
0.17300113
0.19501689
0.21377925
0.30337839
0.33864832
0.35311359
0.38204884
0.37673157
0.36077105
0.37217343
0.33768547
0.31441162
0.34114751
0.25556067
0.15425727
0.043834
-0.083619596
-0.19739954
-0.29409291
-0.34255458
-0.33597847
-0.24823978
-0.15602672
-0.077663027
-0.00796963
0.057072339
0.10729831
0.14866108
0.18130102
0.20667882
0.22914167
0.36006756
0.37525166
0.36232211
0.39037945
0.38889143
0.37285715
0.34879746
0.38903703
0.32761932
0.3182043
0.21775879
0.098587386
-0.04114701
-0.18487719
-0.30468704
-0.38635794
-0.42085886
-0.35648226
-0.24653322
-0.14827542
-0.056302765
0.018225928
0.078889466
0.12794805
0.16517397
0.19389627
0.22366694
0.26317042
0.37768459
0.42292317
0.39521403
0.38609619
0.38305162
0.37417504
0.35797591
0.39167494
0.34145696
0.36100995
0.24162198
0.10038806
-0.071467621
-0.25478551
-0.40501207
-0.5017259
-0.53067283
-0.44681966
-0.32413518
-0.20600014
-0.096265736
-0.0075147114
0.065978786
0.12259308
0.16506976
0.20087014
0.24221856
0.26403268
0.44725189
0.41528443
0.39189714
0.38942232
0.3924362
0.37967709
0.36109433
0.34748581
0.40039195
0.31932769
0.18120893
0.0099046977
-0.18914846
-0.37937916
-0.51640249
-0.58758116
-0.58799932
-0.54488622
-0.43899874
-0.30665204
-0.1823903
-0.064556967
0.022260405
0.089692627
0.14427015
0.18475654
0.21344435
0.23459995
0.26578302
0.2707211
0.43587333
0.44527539
0.41714472
0.371516
0.37690313
0.36880997
0.36118433
0.35244207
0.38342319
0.34890904
0.19579365
0.00042990691
-0.22621359
-0.44496859
-0.60373865
-0.67884779
-0.66712334
-0.60085102
-0.49534759
-0.3557226
-0.23295772
-0.09247415
0.0010701929
0.080087707
0.1403642
0.19255864
0.22105897
0.24979134
0.27099603
0.29077709
0.44293549
0.46164028
0.41683369
0.40951189
0.3716576
0.36746529
0.37752951
0.35710938
0.35046966
0.39182852
0.29299166
0.11010002
-0.11480391
-0.35830415
-0.56414588
-0.68600637
-0.71188729
-0.68213278
-0.59400196
-0.48139963
-0.33112497
-0.18990049
-0.05200169
0.035814867
0.10399023
0.14673368
0.20006487
0.17327234
0.2525692
0.26284794
0.2880073
0.30324101
0.45977894
0.49719049
0.43095383
0.41028943
0.34492159
0.3452921
0.35035452
0.34743008
0.34613674
0.36463204
0.31981364
0.12904141
-0.11234486
-0.37774282
-0.59837959
-0.72673254
-0.75163059
-0.71245235
-0.62367281
-0.50899523
-0.36670683
-0.21011594
-0.073554098
0.03418978
0.097634655
0.13943171
0.20184983
0.17103602
0.21828698
0.24588123
0.26980342
0.30343073
0.32369738
0.47110084
0.48498178
0.41849516
0.39289371
0.33961186
0.33905601
0.3369676
0.34565035
0.33725476
0.36235781
0.25200034
0.033917067
-0.24362975
-0.5007018
-0.68449453
-0.7639126
-0.75202744
-0.68467771
-0.58699999
-0.49311478
-0.36233867
-0.15691702
-0.26627127
-0.059660128
0.0596763
-0.0058304121
0.11372469
0.15667274
0.18796938
0.22262362
0.24488227
0.25920082
0.29522616
0.3198386
0.33413891
0.45498113
0.49966459
0.43195653
0.39039886
0.30620667
0.30906844
0.31847956
0.31013786
0.32445706
0.32481219
0.26840908
0.056661337
-0.2261808
-0.48470673
-0.6731529
-0.75862964
-0.75233989
-0.68862948
-0.59309452
-0.49249152
-0.37344643
-0.16657065
-0.26574875
-0.080091987
0.054563704
-0.011860128
0.10881789
0.15230025
0.18733112
0.20673778
0.24612629
0.25993171
0.30373213
0.3355402
0.35677453
0.41578414
0.49218767
0.38935392
0.35564813
0.29555078
0.29744818
0.30255838
0.30922081
0.30174554
0.31538203
0.21398495
-0.030797377
-0.33320949
-0.57348866
-0.71832513
-0.76078111
-0.72432071
-0.63844417
-0.53881844
-0.43898178
-0.34928125
-0.23055324
-0.13158371
-0.049613651
0.077579559
0.018426726
0.12858638
0.16735517
0.20573914
0.22616101
0.27597807
0.24468191
0.30505659
0.32820238
0.457417
0.3879171
0.44841084
0.4010095
0.33836691
0.25884396
0.26369828
0.27763954
0.28977218
0.26106127
0.27194368
0.22352404
-0.017030584
-0.28699575
-0.52337314
-0.67339683
-0.72498506
-0.69408304
-0.60764261
-0.51901519
-0.41903883
-0.32908307
-0.22957163
-0.13948179
-0.057126191
0.071711127
0.011143283
0.12218301
0.16094451
0.17542271
0.2027528
0.22717988
0.28177256
0.24726193
0.31047405
0.442348
0.36123624
0.42912388
0.34819429
0.2883734
0.24354655
0.24741536
0.25763339
0.26937628
0.24642719
0.25616126
0.14370223
-0.11997683
-0.380637
-0.58184905
-0.68722125
-0.70105862
-0.63926993
-0.55090365
-0.45514094
-0.37019995
-0.29456457
-0.20942571
-0.10655641
-0.026592191
0.092967255
0.038001047
0.13838094
0.17551991
0.19661691
0.21066914
0.26136102
0.22769361
0.31036731
0.40300324
0.31256091
0.40161439
0.34643521
0.2593824
0.20435299
0.21240549
0.22873479
0.24549309
0.20317497
0.210258
0.15999663
-0.083981175
-0.3280106
-0.52401769
-0.63007882
-0.64594923
-0.58039414
-0.51211181
-0.42462389
-0.34366613
-0.27038447
-0.20416303
-0.11113261
-0.036440396
0.086984563
0.030925497
0.13420842
0.15215376
0.19251123
0.20699692
0.26092891
0.2273973
0.27892186
0.37676301
0.2552133
0.37140875
0.27524947
0.21209897
0.19293099
0.18585192
0.20670846
0.22176694
0.18636782
0.18616435
0.069940492
-0.17889304
-0.40064865
-0.55630082
-0.61909301
-0.59456488
-0.54145467
-0.44871368
-0.36610865
-0.29787021
-0.2436456
-0.15077544
-0.20205166
-0.07715949
-0.0070967395
0.10821738
0.054950919
0.14637613
0.16958577
0.18112123
0.24381559
0.20489563
0.28219726
0.32804533
0.26824412
0.19856146
0.30852288
0.26498441
0.17715227
0.15840374
0.1490961
0.17767447
0.19692539
0.1503436
0.14385675
0.07188457
-0.16364814
-0.3657083
-0.51046861
-0.56935202
-0.54741831
-0.49753228
-0.41059226
-0.33608454
-0.27556278
-0.22735195
-0.14928508
-0.17845472
-0.081301165
-0.010423295
0.10037024
0.049180363
0.12013568
0.15833801
0.18426732
0.24525022
0.2052839
0.2601136
0.26334507
0.20965168
0.14080329
0.27068272
0.17075634
0.12931534
0.13849698
0.15499655
0.13588556
0.17188875
0.12990632
0.11475166
-0.033843238
-0.25533897
-0.42943745
-0.52298862
-0.54259779
-0.49982578
-0.47453779
-0.41808342
-0.35305569
-0.28827773
-0.23498505
-0.21223127
-0.1191398
-0.1662389
-0.066779093
0.017388743
-0.030284683
0.070681775
0.10653824
0.13278917
0.16091763
0.22503381
0.18207477
0.20346797
0.15363102
0.087550154
0.18214542
0.138831
0.08174548
0.11023985
0.12900176
0.097905474
0.14847667
0.092353816
0.077426645
-0.060228705
-0.27289705
-0.4356584
-0.51278339
-0.52491501
-0.48342086
-0.44163181
-0.38927964
-0.32185788
-0.26040411
-0.20792292
-0.17973432
-0.11938964
-0.15319464
-0.07370569
0.011153158
-0.033823755
0.061480541
0.079624907
0.12308416
0.12969202
0.1594442
0.2226476
0.17897724
0.14063481
0.082546881
0.026321251
0.1210114
0.01905583
0.042430987
0.10771721
0.084890615
0.12432484
0.081728927
0.080711342
0.069641642
0.041806488
-0.18172883
-0.37042519
-0.48173199
-0.51804506
-0.49822055
-0.44556486
-0.41917575
-0.39405885
-0.334514
-0.27493371
-0.21988415
-0.19281469
-0.16566722
-0.10007513
-0.13727111
-0.059061438
0.02963044
-0.012050383
0.070543981
0.084442206
0.11835598
0.13759095
0.19961274
0.15547883
0.076302243
0.022965036
-0.011362696
0.010049739
-0.047196616
-0.0084994479
0.085833776
0.0638665
0.10383834
0.054212695
0.055836306
0.04385399
0.011547403
-0.23571595
-0.41575861
-0.51711916
-0.53717067
-0.50789219
-0.44891516
-0.39215495
-0.36149973
-0.31197916
-0.25704668
-0.21083779
-0.17483733
-0.15025845
-0.10251569
-0.13195191
-0.067632303
0.019030239
-0.022224328
0.032558232
0.062096117
0.073325377
0.084343744
0.11293079
0.13316181
0.15065121
-0.0096801955
-0.039031633
-0.083484885
-0.036935732
-0.16856629
-0.039778032
0.069119032
0.082408847
0.046620879
0.043082677
0.039783813
0.015967548
-0.029575225
-0.37061695
-0.50051656
-0.55463262
-0.53639753
-0.47904545
-0.41138857
-0.38368295
-0.32691918
-0.27328614
-0.22411689
-0.18547756
-0.15457911
-0.17104511
-0.14109843
-0.087080038
-0.11653862
-0.049881528
-0.0051965347
0.025051478
0.045785206
0.047513759
0.078549771
0.096574943
0.11006769
0.12498789
-0.065869735
-0.097207237
-0.11593466
-0.12383807
-0.15269947
-0.23995463
-0.092133154
0.052336963
0.066944736
0.031899939
0.014001253
0.0087753704
-0.0019284525
-0.051845774
-0.43711345
-0.56241454
-0.60905803
-0.57975556
-0.49756937
-0.42251722
-0.34367086
-0.31282723
-0.26187076
-0.21602906
-0.17908559
-0.14064866
-0.15154371
-0.13135045
-0.095867277
-0.10883933
-0.059341059
-0.015394073
6.2720755e-05
0.032846856
0.037185502
0.053448308
0.089703985
0.10344922
-0.16249704
-0.19362283
-0.18032885
-0.19444039
-0.19789353
-0.23902697
-0.40498792
-0.11558753
0.041198194
0.051070651
0.018628309
0.0070783086
0.0048203949
-0.036134843
-0.093313655
-0.54891862
-0.63107666
-0.62176989
-0.56956683
-0.53868379
-0.46031582
-0.38990856
-0.35436076
-0.28281718
-0.22882768
-0.19134009
-0.16692388
-0.13392975
-0.1460441
-0.12583604
-0.076148215
-0.10657672
-0.041837919
-0.011824081
0.0061591676
0.010891967
0.044259598
0.064548165
0.075636782
-0.21502427
-0.23588595
-0.20082982
-0.21836568
-0.29487829
-0.34840585
-0.4788787
-0.16759546
0.032204689
0.043445786
0.013920882
-0.015014436
-0.033056733
-0.049315124
-0.10991288
-0.61624784
-0.69350002
-0.65652347
-0.61536078
-0.55131421
-0.4792071
-0.412404
-0.3317555
-0.29095906
-0.22999976
-0.19189563
-0.16308498
-0.12504593
-0.13896019
-0.11955015
-0.09050792
-0.13043056
-0.053763077
-0.038886025
-0.0088073879
-0.0030877203
0.016095243
0.053890004
0.068747765
-0.30797101
-0.30769916
-0.26413103
-0.2908082
-0.35352151
-0.43730027
-0.59553708
-0.18377396
0.036368643
0.035486139
0.004020271
-0.031176951
-0.016166146
-0.084130784
-0.15292106
-0.69990532
-0.73285968
-0.64808248
-0.70936444
-0.60021336
-0.52521822
-0.45168256
-0.38485262
-0.3078297
-0.35607998
-0.25222865
-0.2070363
-0.17321156
-0.14939096
-0.12267561
-0.13283272
-0.11516848
-0.072694071
-0.096525307
-0.11507161
-0.055145132
-0.039848735
-0.029729032
0.00023044977
0.022408244
0.040301299
-0.35731424
-0.33930863
-0.31141454
-0.27842784
-0.45710154
-0.51043998
-0.65720751
-0.23753441
0.0090586643
0.048626101
0.012021489
-0.056169975
-0.030764475
-0.10353834
-0.16640621
-0.75371677
-0.78134615
-0.681194
-0.72228579
-0.62357912
-0.5492573
-0.47372172
-0.40516768
-0.30167714
-0.33650436
-0.25907124
-0.21679045
-0.17835446
-0.15245031
-0.12282068
-0.13410824
-0.12660615
-0.087704725
-0.11572365
-0.12495862
-0.076927257
-0.053197477
-0.045812259
-0.025633746
0.017384098
-0.45110564
-0.42342056
-0.38532301
-0.34045654
-0.51281057
-0.61614944
-0.74509573
-0.24619637
0.02987462
0.033196384
-0.004139756
-0.0902399
-0.054112378
-0.023401264
-0.14035699
-0.21158355
-0.80402376
-0.79835913
-0.67124147
-0.7616344
-0.60093156
-0.52180438
-0.44517359
-0.38035987
-0.28278704
-0.34781293
-0.23778221
-0.19053563
-0.22013687
-0.16433776
-0.1433569
-0.12588247
-0.13086532
-0.12256392
-0.10043396
-0.11386388
-0.12601103
-0.091036099
-0.074525875
-0.072931889
-0.046073772
-0.008986291
-0.49251977
-0.44760292
-0.39787699
-0.34461983
-0.61266651
-0.67165292
-0.79007014
-0.29681069
0.019277137
0.028410022
0.0072107025
-0.10966519
-0.074394781
-0.036180316
-0.15513037
-0.21958798
-0.84002896
-0.83062323
-0.70369869
-0.75325092
-0.62862883
-0.54503283
-0.46633003
-0.39739124
-0.2972572
-0.32609414
-0.25786299
-0.19590259
-0.21667888
-0.17155954
-0.15059736
-0.14078421
-0.14188768
-0.13706211
-0.11102859
-0.10979196
-0.13902598
-0.097925448
-0.11318375
-0.09321514
-0.094586481
-0.040616294
-0.080133922
-0.58199407
-0.53197119
-0.46848985
-0.40369066
-0.65320073
-0.76083728
-0.84581574
-0.29864025
0.029620165
0.034522584
-0.00093835416
-0.14120505
-0.10226968
-0.068115294
-0.047884162
-0.19417638
-0.25986179
-0.86053678
-0.82454623
-0.68261104
-0.78174317
-0.6000221
-0.51434776
-0.43613585
-0.37334344
-0.27957379
-0.34192929
-0.24453222
-0.18572318
-0.22665827
-0.16267378
-0.14766742
-0.13662306
-0.13997301
-0.13589917
-0.13781999
-0.11918478
-0.13544846
-0.11083393
-0.12877119
-0.10891774
-0.11483764
-0.061206088
-0.10134573
-0.6130938
-0.54380835
-0.46909422
-0.40213299
-0.73512067
-0.79129984
-0.86961384
-0.34712892
0.032153256
0.042906473
0.015963058
-0.029097104
-0.16420858
-0.12398251
-0.082982327
-0.062334906
-0.18893351
-0.25398887
-0.87817881
-0.8426235
-0.70906992
-0.76111876
-0.62474214
-0.53608835
-0.45394598
-0.38970088
-0.29590484
-0.32269571
-0.2588417
-0.19694453
-0.21482584
-0.17256691
-0.15709973
-0.14471317
-0.13493114
-0.14692514
-0.14623368
-0.12873987
-0.1407311
-0.13201015
-0.12272854
-0.13367986
-0.12687878
-0.133687
-0.092355856
-0.12527565
-0.68762108
-0.61650852
-0.53406976
-0.45574667
-0.75724812
-0.85166738
-0.89462147
-0.33662405
0.048375274
0.054507502
0.016286177
-0.037521421
-0.15304967
-0.11328096
-0.079431056
-0.21852739
-0.28988155
-0.8744692
-0.82364716
-0.68104599
-0.78056763
-0.59218257
-0.49859493
-0.42599332
-0.36794451
-0.28110105
-0.33924031
-0.24452568
-0.18809988
-0.22699852
-0.16900658
-0.15128786
-0.14527586
-0.14614662
-0.15342377
-0.14859501
-0.14664247
-0.14442121
-0.13415243
-0.14103804
-0.14158096
-0.15030144
-0.1452844
-0.70566327
-0.61870724
-0.52204528
-0.43298476
-0.81628457
-0.86329445
-0.89404956
-0.37419102
0.057533067
0.066330698
0.012806684
-0.019928903
-0.062045711
-0.177667
-0.14118032
-0.11467716
-0.21313643
-0.28100828
-0.8764624
-0.83211112
-0.70275637
-0.75320965
-0.61639806
-0.50531841
-0.43855665
-0.38343098
-0.29722149
-0.32376256
-0.25886146
-0.20165013
-0.21655408
-0.18052376
-0.16186308
-0.15641075
-0.15636891
-0.16124006
-0.15729417
-0.14737972
-0.1397155
-0.13508937
-0.14593937
-0.15715279
-0.16466767
-0.16129676
-0.14744249
-0.76184628
-0.66923068
-0.56545247
-0.46767278
-0.82233422
-0.89429831
-0.89819399
-0.89431272
-0.35817364
0.042943124
0.08527352
0.0099759063
-0.023364474
-0.068053911
-0.16892794
-0.12168582
-0.24227889
-0.31249661
-0.86366846
-0.80686882
-0.67371512
-0.76668469
-0.59496281
-0.54007174
-0.47187975
-0.41407956
-0.36590667
-0.28448501
-0.34085402
-0.27078309
-0.24377849
-0.19419406
-0.23077458
-0.18368658
-0.16890733
-0.16382592
-0.15751471
-0.1610641
-0.16095995
-0.15770756
-0.16059447
-0.15719689
-0.15870029
-0.15934663
-0.16220479
-0.17139912
-0.18011379
-0.1855531
-0.76051244
-0.71567984
-0.6394195
-0.56375442
-0.44435589
-0.51950401
-0.85691063
-0.87871667
-0.89250643
-0.89334482
-0.39152314
0.005678994
-0.051629035
-0.098383756
-0.1899911
-0.158344
-0.2348903
-0.30133721
-0.86175793
-0.80986058
-0.69439587
-0.73827532
-0.56995664
-0.63222956
-0.51143368
-0.47533943
-0.42502192
-0.38054489
-0.3061087
-0.32955724
-0.26792298
-0.25238754
-0.21060503
-0.22302948
-0.19084106
-0.17867397
-0.17218327
-0.16428206
-0.16059481
-0.16931446
-0.16688935
-0.16503456
-0.16210303
-0.16301814
-0.17346294
-0.18445715
-0.19656434
-0.1941487
-0.80362711
-0.73602424
-0.67472395
-0.60764434
-0.47248892
-0.54174406
-0.83809742
-0.8855074
-0.88843411
-0.88057701
-0.37524801
-0.035556058
-0.057440919
-0.1080783
-0.20993123
-0.19790464
-0.17295443
-0.26392432
-0.32904772
-0.83979363
-0.78331321
-0.66960126
-0.74630024
-0.5768216
-0.61221842
-0.52205723
-0.45382233
-0.41149733
-0.40089844
-0.36452252
-0.32096156
-0.29094818
-0.35039195
-0.27887544
-0.24760449
-0.20892403
-0.23516322
-0.19924901
-0.1790709
-0.17145217
-0.16791441
-0.16744307
-0.17341937
-0.17619212
-0.17545745
-0.16953289
-0.17079601
-0.18361902
-0.19457393
-0.20669302
-0.7981124
-0.72654649
-0.65598435
-0.59183913
-0.45276271
-0.52264401
-0.84920737
-0.86631011
-0.87833291
-0.87123902
-0.40916655
-0.036295716
-0.086159263
-0.14403606
-0.24421212
-0.21927343
-0.19684408
-0.30923569
-0.83328922
-0.78168952
-0.68273431
-0.71934528
-0.55636661
-0.62408795
-0.50664844
-0.46325307
-0.43203584
-0.39884462
-0.37224391
-0.32286685
-0.29852302
-0.34071638
-0.27189983
-0.26017519
-0.2194833
-0.23185569
-0.19784463
-0.18761073
-0.18020626
-0.17622009
-0.1739213
-0.17817719
-0.18806309
-0.19326887
-0.18288958
-0.19405755
-0.20498994
-0.21412255
-0.80241946
-0.74250871
-0.68196425
-0.6149325
-0.47823764
-0.548993
-0.83580436
-0.85963996
-0.86273932
-0.85320246
-0.38512079
-0.067478171
-0.089773739
-0.15046642
-0.2665835
-0.25508701
-0.21310569
-0.33603221
-0.80912929
-0.75547181
-0.65836843
-0.72371114
-0.57053988
-0.60271715
-0.52383392
-0.48577441
-0.44896138
-0.41778791
-0.38834958
-0.36253777
-0.31674066
-0.30923867
-0.29031268
-0.34813244
-0.28137017
-0.25689695
-0.21666381
-0.24304108
-0.20839454
-0.18838188
-0.18249963
-0.17838097
-0.18024522
-0.17996855
-0.18182658
-0.19278902
-0.1913657
-0.20440662
-0.21650066
-0.24066777
-0.78706949
-0.72815209
-0.66137397
-0.59689544
-0.49221757
-0.533274
-0.83517267
-0.8477075
-0.85243726
-0.84110525
-0.40915048
-0.12182843
-0.18849505
-0.27746944
-0.21994183
-0.26062939
-0.31701029
-0.8008749
-0.75055341
-0.66618499
-0.69819239
-0.55272255
-0.61285541
-0.5085933
-0.47500198
-0.45244587
-0.42333458
-0.39498781
-0.37019938
-0.32841813
-0.30762074
-0.2949442
-0.34009452
-0.27638119
-0.25131298
-0.26744274
-0.22622691
-0.23657861
-0.20577695
-0.19696094
-0.18984911
-0.18661374
-0.19140868
-0.18696147
-0.20207699
-0.19503844
-0.20040166
-0.21247327
-0.23003284
-0.25346145
-0.78597393
-0.74027524
-0.68000675
-0.6180055
-0.45979403
-0.53344104
-0.55764328
-0.81742756
-0.83936844
-0.83431361
-0.81929548
-0.38325166
-0.12782565
-0.19501254
-0.24705892
-0.27553358
-0.33832522
-0.77598389
-0.72707579
-0.64374087
-0.69993948
-0.56426126
-0.59336018
-0.48534736
-0.52024344
-0.44157076
-0.41268944
-0.3850207
-0.36101573
-0.3226833
-0.31438266
-0.29125438
-0.34767607
-0.28328978
-0.25719252
-0.26526938
-0.23006489
-0.21841311
-0.24644927
-0.21343055
-0.201285
-0.19532776
-0.19118333
-0.19065041
-0.1901187
-0.19028774
-0.19320606
-0.20353742
-0.20667729
-0.21651187
-0.2291576
-0.23545648
-0.7735836
-0.71817917
-0.65962467
-0.59862808
-0.4777009
-0.55698243
-0.81481237
-0.83101851
-0.81821871
-0.82119874
-0.81077242
-0.40301781
-0.16393724
-0.23209423
-0.26168163
-0.31529187
-0.76497649
-0.72018802
-0.64957775
-0.67760672
-0.54806253
-0.60164596
-0.47139634
-0.5036087
-0.45021936
-0.41998156
-0.3915763
-0.36622838
-0.33020199
-0.30977156
-0.29958214
-0.33844635
-0.27991926
-0.25355996
-0.27180286
-0.23264593
-0.22487483
-0.2506803
-0.24317204
-0.21499527
-0.20667111
-0.20232605
-0.19862205
-0.19859072
-0.19739838
-0.20116372
-0.20939995
-0.20520026
-0.21198896
-0.2304934
-0.23444788
-0.78202032
-0.73105612
-0.67597323
-0.61947407
-0.44977628
-0.52665754
-0.59765127
-0.78827651
-0.81175521
-0.81091263
-0.81297273
-0.79861444
-0.3755998
-0.30451214
-0.33684073
-0.77826198
-0.74939379
-0.70097039
-0.73013151
-0.62909012
-0.67896118
-0.55773641
-0.58497854
-0.47987406
-0.51242663
-0.43849233
-0.40908904
-0.37932847
-0.35941925
-0.32493466
-0.31885198
-0.30696633
-0.29399038
-0.34396632
-0.27515263
-0.28748613
-0.26139466
-0.26629358
-0.23906028
-0.2250489
-0.25400593
-0.24826207
-0.21987836
-0.2067477
-0.20279685
-0.20117225
-0.20099573
-0.20237806
-0.21160018
-0.22157681
-0.21530983
-0.23310348
-0.24283969
-0.78154275
-0.74890326
-0.70920873
-0.65917006
-0.46985401
-0.54203482
-0.61563214
-0.79091078
-0.80467706
-0.79231025
-0.79977563
-0.78968615
-0.3951812
-0.31533659
-0.77181333
-0.74623946
-0.70057016
-0.71581818
-0.63214407
-0.66638444
-0.54622239
-0.59386387
-0.46585576
-0.49532924
-0.53479584
-0.4459018
-0.41518326
-0.38518096
-0.36814611
-0.35335782
-0.33088858
-0.31520632
-0.3071302
-0.29772267
-0.33834011
-0.27534347
-0.28470489
-0.26025564
-0.26876169
-0.23762461
-0.23076206
-0.25183111
-0.24608742
-0.21845788
-0.21300749
-0.20964364
-0.2085904
-0.20698229
-0.20921064
-0.21411829
-0.23353595
-0.21933086
-0.2157311
-0.23500378
-0.25186799
-0.77538088
-0.75610128
-0.71838574
-0.67354697
-0.44836258
-0.5121252
-0.57548006
-0.66255904
-0.61365663
-0.77340183
-0.79260173
-0.78525997
-0.78891163
-0.7775772
-0.40081175
-0.36272199
-0.75885787
-0.73405258
-0.68948126
-0.71859688
-0.6149369
-0.65131707
-0.67346792
-0.5634157
-0.58164205
-0.47393868
-0.50090462
-0.5325396
-0.43319449
-0.40696292
-0.39851898
-0.37818006
-0.36070563
-0.34814212
-0.32564659
-0.3190474
-0.30389263
-0.29436661
-0.33840618
-0.27968088
-0.28877057
-0.26327383
-0.26743569
-0.24226311
-0.23426799
-0.22841423
-0.25627118
-0.25064335
-0.22420733
-0.21342495
-0.21095656
-0.21158219
-0.21268524
-0.22027762
-0.22185146
-0.22351986
-0.2372948
-0.2452488
-0.25644845
-0.77006703
-0.7615292
-0.73680523
-0.70751707
-0.46366514
-0.52837781
-0.58949785
-0.67344426
-0.63848602
-0.77033994
-0.78090606
-0.77340312
-0.77730443
-0.77016428
-0.43213653
-0.75053892
-0.73216337
-0.68828196
-0.70927561
-0.61799356
-0.64703034
-0.66194004
-0.55247746
-0.58832651
-0.45702131
-0.52372027
-0.4901
-0.4405234
-0.4170443
-0.39270706
-0.37922619
-0.3531539
-0.36432179
-0.32837818
-0.31485245
-0.30800239
-0.29832424
-0.33459581
-0.27711373
-0.2855063
-0.26093425
-0.27115996
-0.24258724
-0.23764404
-0.23314653
-0.25429729
-0.24921248
-0.22369161
-0.21967264
-0.21785772
-0.22073645
-0.22136666
-0.22333744
-0.23282816
-0.23065098
-0.23972907
-0.24934002
-0.77614963
-0.7491179
-0.73961081
-0.71734383
-0.5012779
-0.56600832
-0.62294367
-0.67494558
-0.71177464
-0.76865917
-0.77111443
-0.77245366
-0.76899494
-0.75788031
-0.44805156
-0.74281754
-0.72324638
-0.69697717
-0.67683283
-0.71224248
-0.63557444
-0.60591341
-0.6635609
-0.55975141
-0.57773976
-0.46053039
-0.53171029
-0.50159642
-0.47769753
-0.43042342
-0.40797804
-0.39822743
-0.37258272
-0.34757875
-0.35809356
-0.32363097
-0.31775337
-0.30508195
-0.29401925
-0.33880342
-0.28036894
-0.28935778
-0.26428468
-0.26779147
-0.24599282
-0.236505
-0.23237597
-0.25798912
-0.25262645
-0.22897438
-0.22034764
-0.21980128
-0.2195826
-0.2236788
-0.22874531
-0.23432643
-0.23370474
-0.24413234
-0.25334649
-0.76496824
-0.74997561
-0.73254412
-0.52165524
-0.58744547
-0.64162355
-0.69378241
-0.71838032
-0.7686797
-0.76910184
-0.75817399
-0.76057905
-0.75465415
-0.73718536
-0.72107662
-0.69036981
-0.67888691
-0.70583109
-0.63808716
-0.61086278
-0.65357277
-0.55055956
-0.5853418
-0.45109171
-0.52408847
-0.51771621
-0.48881979
-0.4641108
-0.43764492
-0.41579755
-0.39111621
-0.37872783
-0.35040262
-0.36307964
-0.32705891
-0.31395417
-0.30777415
-0.297959
-0.33208971
-0.27762656
-0.28608793
-0.26220078
-0.27158648
-0.24443044
-0.24082156
-0.2369927
-0.25567387
-0.25078127
-0.22914979
-0.22632259
-0.22598549
-0.22800749
-0.22887388
-0.23273934
-0.23975817
-0.24220118
-0.24775825
-0.25445852
-0.7569406
-0.74824254
-0.73783457
-0.56503061
-0.62325189
-0.67095318
-0.70578616
-0.71236077
-0.73528177
-0.75533637
-0.75901232
-0.76752401
-0.75615195
-0.74981151
-0.74678191
-0.7376825
-0.72812212
-0.71548124
-0.69522771
-0.67179986
-0.70702606
-0.62676436
-0.60119961
-0.65757505
-0.56095201
-0.57662935
-0.45072708
-0.53907787
-0.51842516
-0.48185376
-0.49496915
-0.47002146
-0.42642682
-0.40808814
-0.38835626
-0.40119988
-0.3709039
-0.34514658
-0.35702932
-0.32293287
-0.31795609
-0.3037191
-0.30294577
-0.29312381
-0.33489739
-0.28130645
-0.27478893
-0.2887812
-0.26531313
-0.26870893
-0.24791805
-0.24005535
-0.23671346
-0.25904088
-0.25394379
-0.23399708
-0.22750296
-0.22650303
-0.22896126
-0.23252849
-0.23718249
-0.24308728
-0.24466152
-0.25120984
-0.26047123
-0.75658948
-0.74366111
-0.64710567
-0.69065435
-0.71696322
-0.734553
-0.74735737
-0.75396149
-0.74935133
-0.75256003
-0.75035294
-0.75730263
-0.74718412
-0.74296338
-0.73511758
-0.73193569
-0.71576157
-0.69168076
-0.67488888
-0.70338458
-0.62910374
-0.60741899
-0.65146182
-0.55086289
-0.58484359
-0.44419859
-0.53142878
-0.5133118
-0.47921419
-0.50642532
-0.48430834
-0.46132255
-0.429773
-0.41258519
-0.38639755
-0.39408958
-0.37298408
-0.35055401
-0.3414642
-0.36024434
-0.32594265
-0.31454592
-0.30977474
-0.30122147
-0.29445594
-0.33118057
-0.27760481
-0.2734119
-0.28567605
-0.26309372
-0.26963582
-0.24677062
-0.24399015
-0.24099929
-0.2621287
-0.25670231
-0.25245972
-0.23453081
-0.23243377
-0.23116464
-0.23434656
-0.23611013
-0.23632033
-0.23876555
-0.24688623
-0.24253984
-0.25633865
-0.74991045
-0.74912787
-0.68031601
-0.70975753
-0.73231262
-0.73563499
-0.72815471
-0.74219877
-0.74907459
-0.75007947
-0.75457953
-0.749795
-0.75230555
-0.74471665
-0.7412612
-0.73182201
-0.72963734
-0.72034843
-0.71318894
-0.69516763
-0.68367807
-0.6689349
-0.70360664
-0.64111056
-0.62044699
-0.59963071
-0.65855429
-0.55621184
-0.57997987
-0.45350539
-0.44051301
-0.53930763
-0.52293955
-0.47213013
-0.50272234
-0.48488603
-0.46223584
-0.42110517
-0.40540216
-0.38044239
-0.39795325
-0.36689695
-0.34486759
-0.33711139
-0.35337921
-0.32152133
-0.31687973
-0.30566927
-0.29807034
-0.29139716
-0.33094825
-0.28049703
-0.2759578
-0.28381416
-0.28816522
-0.26636595
-0.26850986
-0.25009726
-0.24368001
-0.24095358
-0.26234654
-0.25852153
-0.25489125
-0.23882791
-0.23296309
-0.23739173
-0.23926417
-0.24448234
-0.24381375
-0.24785112
-0.24931853
-0.25502369
-0.75030697
-0.69963467
-0.72260205
-0.73033004
-0.74915912
-0.74446686
-0.74768195
-0.74846121
-0.74718992
-0.74883314
-0.74938381
-0.74830599
-0.74220829
-0.73394668
-0.73893048
-0.72816299
-0.72428963
-0.7226368
-0.7066849
-0.71508745
-0.69161903
-0.685528
-0.67339995
-0.69897316
-0.63671834
-0.6250459
-0.60796793
-0.65401957
-0.57090789
-0.54968319
-0.59174858
-0.44468556
-0.43845156
-0.53231977
-0.51732884
-0.46850486
-0.51231015
-0.4959642
-0.48284217
-0.45584141
-0.42273185
-0.40851315
-0.38330059
-0.39017264
-0.36997182
-0.34773591
-0.34036799
-0.3551513
-0.32382811
-0.3126634
-0.3078792
-0.29973222
-0.2929085
-0.32751892
-0.27829857
-0.2739692
-0.28152984
-0.28515203
-0.26486677
-0.2707903
-0.24928053
-0.2473298
-0.24466703
-0.26063237
-0.25703347
-0.25384377
-0.23907627
-0.2374136
-0.23915549
-0.24384585
-0.24475935
-0.24499758
-0.25132815
-0.25176691
-0.25880013
-0.7458769
-0.71828585
-0.74073173
-0.75447023
-0.74036167
-0.72920313
-0.74479486
-0.74633817
-0.74632621
-0.74573378
-0.74591371
-0.74526103
-0.73905785
-0.73073501
-0.73783998
-0.73090697
-0.72430996
-0.71962683
-0.70569305
-0.7136357
-0.69356265
-0.68137505
-0.66974743
-0.70239469
-0.64457638
-0.61925157
-0.60273297
-0.66022784
-0.56404344
-0.55609006
-0.58457681
-0.4469356
-0.4312323
-0.5389582
-0.52256292
-0.47430699
-0.46296647
-0.50600308
-0.49156309
-0.48162348
-0.45610275
-0.41637806
-0.40373253
-0.37669085
-0.39169362
-0.36489956
-0.34152033
-0.33477538
-0.36103275
-0.35104001
-0.32016981
-0.3122669
-0.31712818
-0.3039728
-0.2967282
-0.28886741
-0.32992553
-0.2783161
-0.27541818
-0.28331928
-0.28645763
-0.26645333
-0.2681863
-0.25199123
-0.24715461
-0.24639409
-0.2443784
-0.26242522
-0.25895356
-0.25595382
-0.24294598
-0.24313542
-0.2449792
-0.24844253
-0.24831597
-0.25391075
-0.25248628
-0.26013193
-0.74679345
-0.75757866
-0.76589478
-0.74272928
-0.75395396
-0.74991887
-0.7466874
-0.74556314
-0.7433567
-0.74367041
-0.74480675
-0.73743666
-0.73306616
-0.73601945
-0.73077271
-0.72611662
-0.72097078
-0.70868627
-0.71561288
-0.69057457
-0.68497588
-0.67503525
-0.69990355
-0.63979961
-0.62770898
-0.61547676
-0.6602915
-0.57310387
-0.54644887
-0.59593758
-0.44369077
-0.43092935
-0.53269129
-0.52211613
-0.4741597
-0.46266253
-0.49610844
-0.50578135
-0.4872404
-0.47648358
-0.4518371
-0.41886191
-0.40886509
-0.39979553
-0.37798173
-0.38807406
-0.36716706
-0.34255006
-0.33669339
-0.35996879
-0.35273061
-0.34765307
-0.32191213
-0.31017784
-0.31396567
-0.30399694
-0.29713315
-0.2896338
-0.32523904
-0.27714946
-0.27314082
-0.28115788
-0.28366813
-0.26456987
-0.27014413
-0.25147177
-0.2499886
-0.24846299
-0.24722556
-0.26085246
-0.25773007
-0.25510684
-0.24389313
-0.24351297
-0.24658497
-0.24970019
-0.24841854
-0.25747761
-0.25686599
-0.74410035
-0.75790084
-0.75039873
-0.73841277
-0.74669914
-0.74849673
-0.74588671
-0.74469512
-0.74104156
-0.74070561
-0.74424544
-0.73893585
-0.73372802
-0.73797481
-0.72888469
-0.72377034
-0.7195699
-0.70753664
-0.71472755
-0.69445592
-0.68207376
-0.67319877
-0.70328844
-0.64584114
-0.62269338
-0.60363181
-0.66757384
-0.65472197
-0.57176986
-0.54860558
-0.59043126
-0.43853607
-0.44677851
-0.42464203
-0.53320495
-0.51517015
-0.52950591
-0.46758331
-0.45839018
-0.4988891
-0.50196096
-0.48716466
-0.47689341
-0.45221548
-0.41213966
-0.40347408
-0.39901096
-0.37472933
-0.38476806
-0.39001704
-0.36294036
-0.37086845
-0.34014388
-0.33224968
-0.35475412
-0.34897324
-0.34676585
-0.31843248
-0.30733701
-0.31512444
-0.30078297
-0.29430642
-0.29278307
-0.28716464
-0.32507172
-0.27569256
-0.27851223
-0.27302608
-0.28161381
-0.28484105
-0.26601921
-0.26810473
-0.25357654
-0.2499683
-0.24814207
-0.24781588
-0.26235345
-0.25931193
-0.25674451
-0.24720123
-0.24747015
-0.24842806
-0.25335492
-0.25099524
-0.25824338
-0.25746129
-0.74405035
-0.76394747
-0.77137572
-0.74986136
-0.75431625
-0.74676389
-0.74612997
-0.74531933
-0.74348151
-0.74335964
-0.73982046
-0.72933449
-0.73355119
-0.73520232
-0.72592706
-0.72377443
-0.7210879
-0.71057745
-0.71688227
-0.69188228
-0.68708926
-0.6774638
-0.70209618
-0.64214812
-0.62764151
-0.60251658
-0.66412429
-0.6598439
-0.56544954
-0.58119322
-0.55196704
-0.58414859
-0.43836232
-0.44106356
-0.42599105
-0.54918141
-0.53201622
-0.51277644
-0.52402278
-0.46881075
-0.45319186
-0.49325352
-0.5000657
-0.4829203
-0.4735711
-0.44815565
-0.41222746
-0.39909249
-0.39570065
-0.37619829
-0.38393332
-0.38450015
-0.36421036
-0.37059471
-0.34053595
-0.33790184
-0.32977535
-0.33361222
-0.35598272
-0.34661359
-0.34433745
-0.3191207
-0.30837482
-0.31206114
-0.30191938
-0.29646155
-0.29025727
-0.2863514
-0.32229053
-0.27353625
-0.27565344
-0.27187817
-0.27897784
-0.28206176
-0.26430263
-0.26846624
-0.25308934
-0.2519121
-0.25041749
-0.25027111
-0.26101593
-0.25825444
-0.25598729
-0.2474278
-0.24794671
-0.25046793
-0.2537439
-0.2526581
-0.2513931
-0.26124364
-0.25820945
-0.76381967
-0.74726138
-0.76290544
-0.75521007
-0.74449907
-0.73584792
-0.74465221
-0.74511279
-0.73600266
-0.7412725
-0.7290489
-0.73386834
-0.7342874
-0.72960875
-0.72312036
-0.72064575
-0.71026372
-0.71680062
-0.6967026
-0.68387255
-0.6754091
-0.70560791
-0.64971784
-0.63239299
-0.60696303
-0.62982817
-0.66922054
-0.65748798
-0.55658728
-0.57749464
-0.5566887
-0.59463289
-0.58560758
-0.43427285
-0.44204063
-0.42495807
-0.54007375
-0.53468218
-0.50756754
-0.51427462
-0.52058218
-0.46885363
-0.4570775
-0.44913587
-0.49105279
-0.49585574
-0.48118036
-0.47126692
-0.4477271
-0.4118682
-0.42051021
-0.40125828
-0.39597916
-0.39480208
-0.37250106
-0.38078109
-0.38518797
-0.366214
-0.36260204
-0.3377793
-0.33625197
-0.32561875
-0.33160655
-0.35869671
-0.34718034
-0.34881146
-0.3416425
-0.3160792
-0.30495364
-0.31296734
-0.29914823
-0.29407373
-0.29244609
-0.28898424
-0.28500989
-0.3224596
-0.27437324
-0.27660537
-0.27024535
-0.27936948
-0.28105896
-0.28144025
-0.26516963
-0.26692783
-0.25469754
-0.25162364
-0.25081245
-0.24998315
-0.26213483
-0.25950095
-0.25728373
-0.24979166
-0.24973301
-0.25064323
-0.2570523
-0.25533893
-0.25359708
-0.26137884
-0.25993623
-0.76814092
-0.75712803
-0.77003293
-0.75010815
-0.73871499
-0.74304891
-0.74565121
-0.73636377
-0.74020194
-0.7306839
-0.73263335
-0.73828532
-0.72864207
-0.72566289
-0.72375209
-0.71282485
-0.71916375
-0.69836445
-0.68537566
-0.67950853
-0.70614748
-0.65160247
-0.63476085
-0.64663468
-0.61308316
-0.61709642
-0.61671433
-0.66763967
-0.66186431
-0.55899162
-0.57205471
-0.54836673
-0.59006342
-0.58102304
-0.58829829
-0.43374028
-0.43784652
-0.42541895
-0.54642061
-0.53701782
-0.50676111
-0.52044865
-0.53567547
-0.52942031
-0.46374405
-0.46170933
-0.45053884
-0.48821523
-0.4935237
-0.47637488
-0.46901508
-0.44191801
-0.40935885
-0.41299451
-0.42112316
-0.40322105
-0.39702668
-0.39366
-0.37261251
-0.37897933
-0.38649282
-0.3663584
-0.35670611
-0.33754613
-0.33392559
-0.32592502
-0.32884749
-0.35978597
-0.35714932
-0.33974713
-0.34024095
-0.31694607
-0.30507589
-0.31031153
-0.2997545
-0.2949113
-0.28974285
-0.28798666
-0.28492004
-0.28410661
-0.3198059
-0.27259988
-0.27489187
-0.27089268
-0.27777555
-0.27891467
-0.28079782
-0.26379368
-0.2675594
-0.2542599
-0.25326997
-0.25223156
-0.25189118
-0.26099001
-0.258543
-0.25673655
-0.25036724
-0.25252194
-0.25626693
-0.25489149
-0.25343697
-0.26202534
-0.76848275
-0.74160123
-0.75609797
-0.74892429
-0.74403504
-0.74132035
-0.74601089
-0.74948496
-0.7392352
-0.74213952
-0.7315494
-0.73424446
-0.73867079
-0.73010667
-0.72464989
-0.72412544
-0.71348127
-0.71963463
-0.69436179
-0.70231973
-0.68429217
-0.67823051
-0.70775223
-0.65701529
-0.64065532
-0.6406439
-0.60150882
-0.60829961
-0.61191694
-0.67292993
-0.66091978
-0.57325362
-0.5694195
-0.54778303
-0.59315505
-0.57740225
-0.59333395
-0.4307227
-0.43775296
-0.41978766
-0.54572604
-0.53507879
-0.51614357
-0.49959717
-0.53094505
-0.52512607
-0.52991507
-0.5283914
-0.4615782
-0.45895856
-0.44081725
-0.48337886
-0.50210086
-0.48636273
-0.47613174
-0.46316366
-0.4463306
-0.40752239
-0.4176548
-0.40932737
-0.40564848
-0.40164177
-0.39627123
-0.38775013
-0.37238215
-0.37670236
-0.38236795
-0.38676161
-0.36972114
-0.35517999
-0.3400341
-0.33210667
-0.32374094
-0.32815359
-0.31440599
-0.30824031
-0.30236448
-0.3122233
-0.29726079
-0.29279065
-0.28960903
-0.28672015
-0.28284588
-0.28136411
-0.32041575
-0.27311868
-0.27454235
-0.26927972
-0.27619765
-0.27899701
-0.27984916
-0.26456817
-0.26621359
-0.25559805
-0.2532061
-0.25236187
-0.25309363
-0.25232647
-0.26188644
-0.25938153
-0.25752726
-0.25209845
-0.25262653
-0.25876233
-0.2569731
-0.25523251
-0.26095809
-0.7604936
-0.76799711
-0.75089505
-0.74941946
-0.74304864
-0.74678389
-0.74764877
-0.7420547
-0.74603423
-0.73226445
-0.7361993
-0.73956079
-0.73054914
-0.7270632
-0.72357952
-0.71605859
-0.7207638
-0.68998033
-0.70456403
-0.68899264
-0.68257051
-0.71213117
-0.65501964
-0.6424849
-0.64617555
-0.61439695
-0.59274742
-0.63590099
-0.62481341
-0.67201064
-0.66679294
-0.57425599
-0.56749857
-0.56249068
-0.59643888
-0.57677705
-0.56346199
-0.60319344
-0.59297933
-0.43078995
-0.43556603
-0.42101918
-0.53074407
-0.54050112
-0.53373094
-0.45875126
-0.45714863
-0.43262393
-0.473815
-0.48095858
-0.48616888
-0.45547742
-0.46161405
-0.45419059
-0.42177732
-0.40451688
-0.40309114
-0.39828846
-0.39246498
-0.38851863
-0.36823398
-0.37236381
-0.38276932
-0.38735325
-0.36840682
-0.37091845
-0.33001841
-0.32992794
-0.32221464
-0.32971249
-0.31589289
-0.30740115
-0.30223059
-0.30958605
-0.29760894
-0.29365297
-0.29158822
-0.28842386
-0.28667285
-0.28257494
-0.281578
-0.31837615
-0.27150156
-0.27311289
-0.2697516
-0.27608034
-0.2776384
-0.27866097
-0.26336079
-0.26669005
-0.25555916
-0.254866
-0.25418027
-0.25396071
-0.25368632
-0.26065159
-0.25861251
-0.25695119
-0.2541238
-0.25816576
-0.25632504
-0.25496611
-0.26318293
-0.76305103
-0.77772466
-0.7589998
-0.7465571
-0.75036711
-0.75218707
-0.74022113
-0.74298368
-0.74630646
-0.73333057
-0.73703495
-0.74049379
-0.73124363
-0.73165551
-0.7250907
-0.7232948
-0.71823194
-0.72153846
-0.69084729
-0.70064016
-0.7068764
-0.68854711
-0.68148219
-0.71083145
-0.71615742
-0.6672848
-0.6364568
-0.65233006
-0.63146196
-0.63062691
-0.63178583
-0.60865659
-0.67617348
-0.66467334
-0.55816152
-0.5796955
-0.5721615
-0.55953804
-0.57848121
-0.42915199
-0.43044642
-0.41503451
-0.52686776
-0.5383956
-0.4600665
-0.46816227
-0.42675033
-0.42773596
-0.40060096
-0.4046334
-0.4011205
-0.3972269
-0.39194106
-0.39131656
-0.37084329
-0.37021747
-0.38521186
-0.38670565
-0.38906202
-0.32191402
-0.32140826
-0.31494603
-0.30461781
-0.2999291
-0.3094346
-0.29551685
-0.29201012
-0.28965509
-0.28839956
-0.28527237
-0.28433015
-0.28130615
-0.28011001
-0.31826986
-0.27151708
-0.27310639
-0.26845404
-0.27467837
-0.27730118
-0.27859241
-0.26410356
-0.26572263
-0.25576602
-0.25423333
-0.25359437
-0.25408239
-0.2540491
-0.26127368
-0.259287
-0.25805551
-0.26020742
-0.2578372
-0.25630256
-0.26194276
-0.76117066
-0.76542945
-0.75838205
-0.74811851
-0.75092042
-0.75667144
-0.74118464
-0.74278327
-0.74877164
-0.73486912
-0.73817936
-0.73998043
-0.73351526
-0.72891723
-0.73157336
-0.72650787
-0.72667554
-0.72072332
-0.72356235
-0.69408268
-0.69865951
-0.70706941
-0.69289406
-0.68526964
-0.71330241
-0.71363374
-0.66496263
-0.65578066
-0.65129724
-0.65079015
-0.62141166
-0.64743485
-0.6751272
-0.66899637
-0.54514394
-0.42739807
-0.43245565
-0.4078326
-0.31300262
-0.31169653
-0.30438741
-0.29880618
-0.30874478
-0.29561887
-0.29006301
-0.29127008
-0.2871044
-0.28580156
-0.28351975
-0.28085685
-0.27992225
-0.31963797
-0.27015901
-0.27183507
-0.26852809
-0.27449723
-0.27598299
-0.27723671
-0.26227645
-0.26527471
-0.2556168
-0.25517797
-0.25465829
-0.25540514
-0.25520208
-0.26046489
-0.25887798
-0.25717818
-0.25920477
-0.25720552
-0.25604771
-0.76299063
-0.76722164
-0.75140082
-0.75460595
-0.75990731
-0.74640893
-0.7468003
-0.75034673
-0.73659006
-0.74001444
-0.74266054
-0.73470847
-0.73191108
-0.73131412
-0.7287347
-0.72713724
-0.71957179
-0.7272182
-0.69365627
-0.70257441
-0.71068322
-0.69107811
-0.68488813
-0.71347604
-0.71572365
-0.64790837
-0.64362313
-0.66070224
-0.64715632
-0.66073743
-0.67881999
-0.67341825
-0.43687249
-0.31278084
-0.31277504
-0.31201558
-0.30283746
-0.30605425
-0.29966225
-0.29775238
-0.30829541
-0.29635778
-0.28873991
-0.29147692
-0.29070193
-0.28725627
-0.28443079
-0.28229681
-0.27952025
-0.27855174
-0.27034071
-0.27174553
-0.26715759
-0.27321632
-0.27581191
-0.2770419
-0.26266174
-0.26430345
-0.25682921
-0.25718439
-0.25526343
-0.25516888
-0.25506505
-0.26060021
-0.25832111
-0.25744874
-0.26041809
-0.25820909
-0.25702153
-0.76299011
-0.77083613
-0.753099
-0.7578412
-0.74879004
-0.75165267
-0.7542471
-0.73790907
-0.74079505
-0.74552023
-0.73574228
-0.73255787
-0.73340941
-0.72977794
-0.72826503
-0.71879401
-0.72584226
-0.72810363
-0.70022344
-0.70575381
-0.71001554
-0.69403584
-0.68619265
-0.71414198
-0.71772603
-0.644697
-0.6585181
-0.63162628
-0.6728732
-0.68283694
-0.66144063
-0.68148706
-0.31102017
-0.30119505
-0.30681269
-0.30776758
-0.28901793
-0.28594915
-0.28438898
-0.28208821
-0.27958391
-0.27824521
-0.26909984
-0.27050885
-0.26770524
-0.27304907
-0.27451002
-0.27570042
-0.26477497
-0.26187204
-0.26593133
-0.2563593
-0.25594524
-0.25532383
-0.25483339
-0.25591991
-0.25970523
-0.2580664
-0.2571581
-0.25925894
-0.26135304
-0.25956232
-0.25779666
-0.25692997
-0.76797249
-0.75708025
-0.76166724
-0.74769329
-0.74990368
-0.75276474
-0.75628785
-0.73941414
-0.74250242
-0.74673727
-0.73741476
-0.73434574
-0.73453441
-0.73119394
-0.72990935
-0.72196111
-0.72357618
-0.72832258
-0.69889429
-0.70562973
-0.70729846
-0.70872302
-0.69295736
-0.69045486
-0.71946953
-0.71916468
-0.67068752
-0.69178011
-0.30760421
-0.28948276
-0.28488171
-0.28330477
-0.28101201
-0.27883312
-0.276924
-0.2690921
-0.27038627
-0.26695848
-0.27180923
-0.27428695
-0.27542455
-0.26369935
-0.26159859
-0.26422671
-0.25596956
-0.25651374
-0.25546146
-0.25540896
-0.25689637
-0.26000836
-0.25938584
-0.25688798
-0.25819794
-0.25934943
-0.25814957
-0.25749013
-0.76457839
-0.7600027
-0.74826482
-0.75147126
-0.75595874
-0.76008558
-0.74063853
-0.74444448
-0.74743424
-0.73896439
-0.73456082
-0.73641365
-0.73301169
-0.73152188
-0.72398803
-0.72561577
-0.73045517
-0.6961156
-0.70094145
-0.70837794
-0.71870745
-0.71331739
-0.69170419
-0.67944902
-0.69875716
-0.71997821
-0.72124127
-0.2848131
-0.28369778
-0.28275771
-0.28064199
-0.27730276
-0.27860233
-0.27616676
-0.26807096
-0.26925203
-0.26685154
-0.27157634
-0.27303129
-0.27413483
-0.2627328
-0.26085111
-0.26429177
-0.25623237
-0.25646018
-0.25593105
-0.25682919
-0.25672958
-0.25980004
-0.25773767
-0.25764292
-0.25680076
-0.25896064
-0.25752854
-0.25721183
-0.76912797
-0.76335146
-0.75338839
-0.75382817
-0.75808526
-0.76341496
-0.74236525
-0.74608307
-0.74985566
-0.74016338
-0.73389724
-0.73996344
-0.73423662
-0.73240626
-0.72490561
-0.72698027
-0.73110058
-0.70503726
-0.7042034
-0.71198426
-0.71449561
-0.71299188
-0.70308564
-0.69762607
-0.70727252
-0.71959524
-0.72276947
-0.28187981
-0.28004316
-0.27712722
-0.27794688
-0.27517884
-0.26793593
-0.26901892
-0.2655544
-0.27040857
-0.27279473
-0.27388868
-0.26257025
-0.26065528
-0.26349127
-0.25622586
-0.2564195
-0.25662701
-0.25609001
-0.25949652
-0.25786152
-0.25747261
-0.25656142
-0.26031507
-0.25817829
-0.25628709
-0.76791831
-0.75668286
-0.75747927
-0.76188897
-0.76767452
-0.7440654
-0.74752024
-0.75083178
-0.74215466
-0.73636256
-0.73835256
-0.74057935
-0.73507301
-0.73476547
-0.72626774
-0.72906739
-0.73280365
-0.70873827
-0.70746351
-0.70964799
-0.71661716
-0.71864882
-0.7009723
-0.68533315
-0.72153393
-0.72331929
-0.27612952
-0.27486961
-0.26673883
-0.26763735
-0.26541791
-0.27005223
-0.27151365
-0.2731133
-0.26158578
-0.26002396
-0.26333758
-0.25612405
-0.2564373
-0.25640621
-0.25624079
-0.25838717
-0.25774185
-0.25697455
-0.25658299
-0.25959162
-0.25902759
-0.25632809
-0.25703401
-0.75389083
-0.75689101
-0.75954257
-0.76439002
-0.7457121
-0.74889752
-0.75214458
-0.74359071
-0.73778179
-0.73747898
-0.74146129
-0.73467579
-0.73447216
-0.72696739
-0.7300067
-0.73412609
-0.70319102
-0.70770397
-0.70745677
-0.71938385
-0.71991547
-0.71932964
-0.70823883
-0.71701966
-0.72295091
-0.72490994
-0.27411063
-0.26638974
-0.26713336
-0.26468475
-0.26912637
-0.27084944
-0.27289993
-0.27192587
-0.26131712
-0.25964197
-0.2621179
-0.25638931
-0.25625808
-0.25631428
-0.25800261
-0.2576839
-0.25654075
-0.25610157
-0.25857169
-0.25660337
-0.25828083
-0.75482316
-0.75910815
-0.76267571
-0.7477052
-0.75094376
-0.75492047
-0.74465558
-0.73862368
-0.73920396
-0.74269515
-0.73904667
-0.73521801
-0.72902988
-0.73210986
-0.73660292
-0.70504091
-0.70835821
-0.71379044
-0.72128515
-0.71407214
-0.71809499
-0.70424571
-0.72444749
-0.72599591
-0.26542288
-0.26855736
-0.26632524
-0.2639422
-0.26917909
-0.27011755
-0.27222661
-0.27153109
-0.26016632
-0.25833568
-0.26114687
-0.25617988
-0.25649659
-0.25659125
-0.25819586
-0.25662834
-0.25648491
-0.25608126
-0.25754551
-0.25763698
-0.25605151
-0.75653195
-0.76093045
-0.76502082
-0.74856693
-0.75350425
-0.75810977
-0.74584183
-0.73982288
-0.7408916
-0.74399307
-0.73899914
-0.74177698
-0.7364999
-0.72978173
-0.73243358
-0.73537621
-0.70527201
-0.70977836
-0.71492414
-0.72172284
-0.71564921
-0.72051339
-0.72521056
-0.72789424
-0.26508017
-0.26771214
-0.26592182
-0.26276351
-0.26823157
-0.26964704
-0.27069912
-0.25925131
-0.25724533
-0.26084398
-0.26310695
-0.25664322
-0.25580524
-0.25684323
-0.25619127
-0.25598107
-0.25571112
-0.25761309
-0.25725212
-0.25619229
-0.75955994
-0.76365521
-0.74800644
-0.75285832
-0.75112678
-0.75684454
-0.75870909
-0.74746382
-0.74192774
-0.74233456
-0.74530066
-0.73996224
-0.738788
-0.73646116
-0.73280386
-0.73145185
-0.73248999
-0.69428751
-0.71421299
-0.71341038
-0.72373793
-0.71937949
-0.72186733
-0.72746686
-0.72819597
-0.26438986
-0.26693157
-0.26536294
-0.26328128
-0.26779101
-0.26889109
-0.25981081
-0.26106446
-0.25949533
-0.25836668
-0.26095229
-0.26199371
-0.25507064
-0.25566606
-0.2567646
-0.25771444
-0.2565364
-0.25606139
-0.25580178
-0.25757495
-0.25718421
-0.25764578
-0.76142419
-0.74965962
-0.75492152
-0.75141025
-0.75632821
-0.7596986
-0.74827914
-0.74290042
-0.74375834
-0.7463811
-0.74112404
-0.74072877
-0.74140068
-0.73159125
-0.738057
-0.73966909
-0.74228365
-0.72458945
-0.71263619
-0.70290798
-0.72455362
-0.73068244
-0.72382462
-0.72371048
-0.72682557
-0.72759346
-0.26458025
-0.26460183
-0.26632646
-0.26479618
-0.26233294
-0.26717602
-0.2586178
-0.25961715
-0.25789799
-0.25726401
-0.2599482
-0.26173334
-0.25502419
-0.25571327
-0.25732896
-0.25618643
-0.25551047
-0.25525793
-0.25527031
-0.25601727
-0.25573942
-0.75166202
-0.7565439
-0.75286905
-0.75781555
-0.76129072
-0.74942392
-0.74227667
-0.74614238
-0.74687519
-0.74130192
-0.74219473
-0.74115275
-0.72827636
-0.73918371
-0.7390415
-0.7390726
-0.73793829
-0.72278501
-0.71667168
-0.73391425
-0.2633715
-0.26372014
-0.26581016
-0.26418543
-0.26172428
-0.25939851
-0.25793937
-0.25745492
-0.25767522
-0.25941514
-0.26089838
-0.25634672
-0.25606398
-0.25570038
-0.25609884
-0.25576301
-0.2557675
-0.25480551
-0.25620936
-0.25533626
-0.75234234
-0.75743365
-0.75433109
-0.75945554
-0.75064252
-0.74335684
-0.74506759
-0.75051574
-0.74251706
-0.74454585
-0.74130017
-0.73593614
-0.73446585
-0.73811266
-0.73957595
-0.73907847
-0.74192537
-0.73411961
-0.26266006
-0.26325746
-0.26141554
-0.25866964
-0.25752472
-0.25701731
-0.25630333
-0.26020687
-0.25919266
-0.25528534
-0.25557436
-0.25527788
-0.25470223
-0.25388533
-0.25462312
-0.25551212
-0.25501391
-0.75350481
-0.75853876
-0.75568715
-0.75217965
-0.74496725
-0.74371232
-0.75123476
-0.75074009
-0.742494
-0.74347896
-0.74236175
-0.73554735
-0.73733228
-0.73857735
-0.74051105
-0.74030112
-0.26201851
-0.26279384
-0.26074347
-0.25812887
-0.25715215
-0.25685921
-0.25548021
-0.25952046
-0.25848051
-0.25505163
-0.2556805
-0.25677204
-0.25519425
-0.25451583
-0.25342888
-0.25481156
-0.25590789
-0.25557185
-0.75452919
-0.75676168
-0.75435524
-0.74491912
-0.74762183
-0.75056996
-0.74775585
-0.74438823
-0.74141322
-0.74356808
-0.74125152
-0.26165478
-0.2603114
-0.2574403
-0.25652931
-0.25655914
-0.25627367
-0.25931469
-0.2581874
-0.25453499
-0.25469299
-0.25517599
-0.25441132
-0.25420695
-0.25448514
-0.25363853
-0.25365677
-0.75484437
-0.75800236
-0.75298618
-0.74899326
-0.7479864
-0.75153507
-0.74916554
-0.74533498
-0.74978878
-0.74658074
-0.74423566
-0.25721231
-0.25629521
-0.2558954
-0.2554407
-0.25471621
-0.25513048
-0.25434982
-0.25452849
-0.2537424
-0.25385319
-0.75812567
-0.75165769
-0.74875741
-0.74949458
-0.75339618
-0.75085248
-0.74632418
-0.74545259
-0.74647016
-0.25547069
-0.25486454
-0.25379483
-0.25430778
-0.25347231
-0.2535842
-0.25307002
-0.75886756
-0.75572454
-0.74795919
-0.75042331
-0.75331962
-0.75326865
-0.74554865
-0.74635067
-0.74730846
-0.25500622
-0.25398267
-0.25449968
-0.25373059
-0.25345952
-0.74880924
-0.75011842
-0.75165263
-0.74745275
-0.74754655
-0.74980922
-0.75038462
-0.74997696
-0.74829576
-0.74998779
-0.7525981
-0.75495678
-0.75213995
)
;

boundaryField
{
    inlet
    {
        type            zeroGradient;
    }
    outlet
    {
        type            fixedValue;
        value           uniform 0;
    }
    top
    {
        type            zeroGradient;
    }
    bottom
    {
        type            zeroGradient;
    }
    cylinder
    {
        type            zeroGradient;
    }
    frontAndBack
    {
        type            empty;
    }
    procBoundary1to0
    {
        type            processor;
        value           nonuniform List<scalar> 
96
(
0.35145997
0.35145997
0.36818265
0.34139337
0.30948268
0.30883259
0.25783761
0.2389237
0.19593403
0.17148264
0.1183661
0.090664978
0.031072534
-0.020492987
-0.043879733
-0.11221038
0.076842183
-0.13336385
-0.16820096
0.076842183
0.053542944
0.10191682
-0.16820096
0.0043166268
-0.20847429
-0.0028400381
-0.22321397
-0.071714064
-0.22889811
-0.1015671
-0.25290916
-0.17077599
-0.24110217
-0.26030726
-0.28287539
-0.37373785
-0.2586619
-0.41636215
-0.48989331
-0.26218916
-0.48989331
-0.59213113
-0.27059066
-0.62929275
-0.26174824
-0.70063548
-0.73617146
-0.2638485
-0.74982867
-0.76421041
-0.26416368
-0.77069852
-0.26424058
-0.77470471
-0.26388719
-0.77688045
-0.26501879
-0.76372832
-0.26298433
-0.26298433
-0.77865502
-0.26325565
-0.78023547
-0.26138585
-0.77064094
-0.25991451
-0.77542536
-0.76710347
-0.25967305
-0.76811136
-0.25928798
-0.76811136
-0.76782356
-0.25925686
-0.76589274
-0.25655231
-0.76310524
-0.25659033
-0.76310524
-0.76268224
-0.76111776
-0.25635102
-0.75942434
-0.25468761
-0.75942434
-0.25475988
-0.25400964
-0.75961241
-0.2529869
-0.75919989
-0.25358184
-0.75579736
-0.75579053
-0.75664727
-0.7580509
-0.75453754
)
;
    }
}


// ************************************************************************* //
